0 0.5526315789473685 0.14 0.05263157894736842 0.2733333333333333
0 0.48325358851674644 0.105 0.04784688995215311 0.21
0 0.5023923444976076 0.52 0.04784688995215311 0.49333333333333335
0 0.3492822966507177 0.215 0.05741626794258373 0.31
0 0.2894736842105263 0.245 0.03349282296650718 0.33666666666666667
0 0.43301435406698563 0.305 0.023923444976076555 0.17
0 0.3349282296650718 0.7133333333333334 0.028708133971291867 0.44666666666666666
0 0.3923444976076555 0.595 0.04784688995215311 0.43
0 0.5478468899521531 0.9616666666666667 0.0430622009569378 0.07
0 0.284688995215311 0.83 0.03349282296650718 0.34
0 0.6483253588516746 0.09166666666666666 0.0430622009569378 0.17666666666666667
