0 0.09866220735785954 0.4880952380952381 0.13712374581939799 0.9404761904761905
0 0.3879598662207358 0.02976190476190476 0.033444816053511704 0.047619047619047616
0 0.362876254180602 0.6130952380952381 0.07692307692307693 0.7619047619047619
0 0.6120401337792643 0.41369047619047616 0.10702341137123746 0.8035714285714286
0 0.4782608695652174 0.39285714285714285 0.046822742474916385 0.75
0 0.4280936454849498 0.6160714285714286 0.04013377926421405 0.27976190476190477
0 0.20903010033444816 0.5833333333333334 0.07023411371237458 0.44047619047619047
0 0.26421404682274247 0.15773809523809523 0.09364548494983277 0.2916666666666667
0 0.7157190635451505 0.45535714285714285 0.06020066889632107 0.27976190476190477
0 0.8795986622073578 0.14285714285714285 0.07357859531772576 0.23809523809523808
0 0.8160535117056856 0.7232142857142857 0.06688963210702341 0.10119047619047619
