0 0.033807829181494664 0.39385474860335196 0.06761565836298933 0.05027932960893855
0 0.2206405693950178 0.3715083798882682 0.17793594306049823 0.05027932960893855
0 0.4234875444839858 0.42178770949720673 0.33451957295373663 0.13966480446927373
0 0.6281138790035588 0.3240223463687151 0.45195729537366547 0.12290502793296089
0 0.1298932384341637 0.7569832402234636 0.2597864768683274 0.19553072625698323
0 0.3807829181494662 0.7905027932960894 0.24199288256227758 0.07262569832402235
0 0.8594306049822064 0.5223463687150838 0.27402135231316727 0.10614525139664804
0 0.1619217081850534 0.6284916201117319 0.3238434163701068 0.12849162011173185
0 0.6459074733096085 0.5782122905027933 0.17437722419928825 0.08379888268156424
0 0.4377224199288256 0.5726256983240223 0.20640569395017794 0.11731843575418995
