0 0.67 0.35608465608465606 0.05384615384615385 0.6063492063492063
0 0.14076923076923076 0.5095238095238095 0.05076923076923077 0.2275132275132275
0 0.8111538461538461 0.45291005291005293 0.06076923076923077 0.8465608465608465
0 0.7865384615384615 0.059788359788359786 0.05307692307692308 0.10052910052910052
0 0.7273076923076923 0.4947089947089947 0.03923076923076923 0.15132275132275133
0 0.6903846153846154 0.8047619047619048 0.036153846153846154 0.13015873015873017
0 0.5403846153846154 0.19894179894179895 0.1576923076923077 0.1291005291005291
0 0.45884615384615385 0.2931216931216931 0.05307692307692308 0.1291005291005291
0 0.5515384615384615 0.8328042328042328 0.04461538461538461 0.14179894179894179
0 0.11 0.1439153439153439 0.015384615384615385 0.044444444444444446
