     0/299     8.41G       8.2      8.03         0      16.2        74       512         0         0  0.000362         0       8.8       9.1         0
     1/299     10.8G      8.42      7.33         0      15.8        83       512         0         0  0.000502         0      8.71      7.92         0
     2/299     11.2G      8.14      6.46         0      14.6        47       512         0         0  0.000572         0      8.53      6.26         0
     3/299     11.2G       7.9      7.03         0      14.9        78       512         0         0  0.000642         0      8.33      5.67         0
     4/299     11.2G      7.83      6.67         0      14.5        74       512         0         0   0.00124         0      8.22       5.5         0
     5/299     11.2G      7.74      5.52         0      13.3        47       512         0         0   0.00292         0      8.06      5.34         0
     6/299     11.2G      7.47      5.97         0      13.4        54       512         0         0   0.00355         0      7.88       5.2         0
     7/299     11.2G      7.43      5.97         0      13.4        58       512         1   0.00769   0.00779    0.0153      7.69      5.07         0
     8/299     11.2G      7.16      5.46         0      12.6        67       512         0         0   0.00264         0       7.5      4.96         0
     9/299     11.2G      6.67       5.7         0      12.4        62       512         0         0   0.00295         0      7.34      4.88         0
    10/299     11.2G      6.55      5.03         0      11.6        43       512         0         0   0.00519         0      7.26       4.8         0
    11/299     11.2G      6.67      4.92         0      11.6        57       512         0         0   0.00519         0      7.29      4.73         0
    12/299     11.2G      6.49      5.53         0        12        74       512         0         0   0.00587         0      7.16      4.69         0
    13/299     11.2G      6.12      5.26         0      11.4        69       512         0         0    0.0066         0      6.94      4.66         0
    14/299     11.2G      6.01      5.72         0      11.7        70       512    0.0833    0.0154   0.00816     0.026      6.85      4.63         0
    15/299     11.2G      5.88         5         0      10.9        58       512    0.0266   0.00769    0.0065    0.0119      6.71      4.62         0
    16/299     11.2G      5.98      5.64         0      11.6        67       512    0.0308    0.0154   0.00779    0.0205      6.62      4.59         0
    17/299     11.2G      5.74      5.81         0      11.5        81       512    0.0117   0.00769   0.00892   0.00927      6.57      4.56         0
    18/299     11.2G      5.77      4.67         0      10.4        56       512    0.0261    0.0231    0.0109    0.0245      6.47      4.54         0
    19/299     11.2G      5.42      4.75         0      10.2        56       512    0.0315    0.0308    0.0124    0.0311      6.39      4.48         0
    20/299     11.2G      5.46      4.61         0      10.1        55       512     0.017    0.0154   0.00845    0.0162      6.38      4.43         0
    21/299     11.2G       5.3      4.62         0      9.92        55       512   0.00969   0.00769   0.00853   0.00858      6.36      4.39         0
    22/299     11.2G      5.31      4.27         0      9.58        47       512    0.0428    0.0308    0.0133    0.0358      6.33      4.35         0
    23/299     11.2G      5.28      4.39         0      9.67        58       512    0.0265    0.0154    0.0126    0.0195      6.36       4.3         0
    24/299     11.2G      5.07      4.72         0      9.79        67       512    0.0296    0.0154    0.0127    0.0202      6.34      4.26         0
    25/299     11.2G      5.18      4.58         0      9.76        84       512    0.0458    0.0231    0.0196    0.0307      6.26      4.23         0
    26/299     11.2G      4.92      5.38         0      10.3        84       512    0.0227    0.0154    0.0185    0.0183      6.23      4.21         0
    27/299     11.2G      5.03      5.08         0      10.1        78       512    0.0776    0.0769    0.0262    0.0773      6.06      4.19         0
    28/299     11.2G      4.91      4.46         0      9.37        59       512    0.0836     0.108    0.0299    0.0941      6.01      4.17         0
    29/299     11.2G      4.97      3.82         0      8.78        48       512    0.0944     0.154    0.0341     0.117      6.02      4.16         0
    30/299     11.2G      4.88      4.24         0      9.12        68       512    0.0986     0.146    0.0349     0.118      5.98      4.07         0
    31/299     11.2G      4.82      3.75         0      8.57        49       512     0.104     0.154    0.0361     0.124         6      4.02         0
    32/299     11.2G      4.61      3.93         0      8.54        48       512    0.0938     0.115    0.0388     0.103      6.02      3.93         0
    33/299     11.2G      4.66      3.91         0      8.57        50       512    0.0935     0.131    0.0428     0.109      5.97      3.89         0
    34/299     11.2G      4.62      3.76         0      8.39        48       512    0.0957     0.185    0.0515     0.126      5.96      3.87         0
    35/299     11.2G      4.46      3.43         0      7.89        52       512    0.0999     0.223    0.0704     0.138      5.83      3.86         0
    36/299     11.2G      4.52      4.15         0      8.67        76       512    0.0897     0.231    0.0618     0.129      5.86      3.86         0
    37/299     11.2G      4.33      4.08         0      8.41        74       512    0.0879     0.223    0.0725     0.126      5.78      3.84         0
    38/299     11.2G      4.27      3.55         0      7.82        52       512    0.0828     0.238    0.0643     0.123      5.77      3.83         0
    39/299     11.2G      4.28      3.86         0      8.14        61       512    0.0797     0.223    0.0618     0.117      5.76      3.82         0
    40/299     11.2G      4.14      3.69         0      7.83        52       512    0.0947     0.262    0.0677     0.139      5.73      3.72         0
    41/299     11.2G      4.27      4.23         0       8.5        64       512    0.0882     0.254    0.0664     0.131      5.74      3.71         0
    42/299     11.2G       4.2      3.62         0      7.82        61       512    0.0933     0.292     0.093     0.141      5.57      3.71         0
    43/299     11.2G       4.3      3.25         0      7.55        50       512    0.0671     0.277    0.0866     0.108      5.66      3.67         0
    44/299     11.2G      4.18      3.44         0      7.62        61       512    0.0853     0.269    0.0642      0.13      5.83      3.64         0
    45/299     11.2G      4.38      3.47         0      7.85        69       512    0.0746     0.277     0.066     0.118      5.92      3.61         0
    46/299     11.2G      4.63      3.57         0       8.2        63       512    0.0897     0.308    0.0784     0.139      6.06      3.55         0
    47/299     11.2G       4.5      3.25         0      7.75        59       512     0.071     0.269    0.0712     0.112      5.85      3.53         0
    48/299     11.2G      4.28      2.75         0      7.03        44       512    0.0855     0.315    0.0858     0.135      5.87      3.47         0
    49/299     11.2G      4.36       3.4         0      7.76        70       512    0.0899     0.308     0.078     0.139      5.73      3.44         0
    50/299     11.2G      4.38      2.79         0      7.18        51       512     0.105     0.331     0.126     0.159       5.7      3.42         0
    51/299     11.2G      4.45       3.7         0      8.15        77       512    0.0901     0.254    0.0883     0.133      5.76       3.4         0
    52/299     11.2G      4.29      2.85         0      7.14        67       512     0.116     0.346     0.131     0.174      5.68      3.38         0
    53/299     11.2G      4.45      3.39         0      7.83        73       512     0.095     0.338     0.126     0.148      5.66      3.32         0
    54/299     11.2G      4.64      3.24         0      7.89        62       512     0.104     0.346      0.09      0.16      5.68      3.31         0
    55/299     11.2G      4.81      3.62         0      8.43        93       512    0.0978     0.338     0.125     0.152      5.64      3.27         0
    56/299     11.2G      4.46      3.04         0      7.51        63       512     0.123       0.4     0.162     0.189      5.36      3.27         0
    57/299     11.2G      4.81      2.51         0      7.31        47       512    0.0764     0.338    0.0683     0.125      5.84      3.25         0
    58/299     11.2G      4.59      2.51         0       7.1        53       512     0.137     0.423     0.178     0.207      5.38      3.22         0
    59/299     11.2G      4.19      3.03         0      7.22        73       512     0.117     0.331    0.0857     0.173      5.53      3.21         0
    60/299     11.2G      4.09      3.11         0      7.21        74       512      0.16     0.385     0.163     0.226      5.29       3.2         0
    61/299     11.2G      4.25      2.81         0      7.06        55       512     0.129     0.415     0.156     0.196      5.39      3.17         0
    62/299     11.2G      4.12      2.49         0      6.61        53       512     0.128     0.415     0.197     0.195      5.36      3.17         0
    63/299     11.2G      4.23      2.51         0      6.74        45       512     0.121     0.392     0.134     0.185      5.62      3.15         0
    64/299     11.2G       4.5      2.92         0      7.41        59       512     0.138       0.4     0.207     0.205      5.48      3.18         0
    65/299     11.2G         4      2.96         0      6.96        63       512     0.158     0.408     0.207     0.227      5.24      3.19         0
    66/299     11.2G      4.12      2.63         0      6.76        59       512     0.167     0.377     0.182     0.231      5.35      3.17         0
    67/299     11.2G      4.04       2.7         0      6.74        72       512      0.14     0.331     0.184     0.197      5.33      3.16         0
    68/299     11.2G       4.1      3.13         0      7.23        87       512     0.176     0.408     0.164     0.245      5.43      3.15         0
    69/299     11.2G      3.85      2.83         0      6.68        69       512     0.175     0.392     0.197     0.242       5.3      3.16         0
    70/299     11.2G      3.93      2.59         0      6.52        61       512     0.168     0.385      0.19     0.234      5.19      3.21         0
    71/299     11.2G      3.83      3.04         0      6.87        83       512     0.149       0.4     0.171     0.217      5.32      3.25         0
    72/299     11.2G      4.09      2.27         0      6.36        56       512     0.178     0.385     0.216     0.243      5.19      3.25         0
    73/299     11.2G      4.06      2.25         0      6.31        54       512     0.143     0.362     0.136     0.205      5.39      3.27         0
    74/299     11.2G      4.04      2.31         0      6.34        61       512     0.203     0.408     0.227     0.271      5.17      3.24         0
    75/299     11.2G      3.53      1.94         0      5.47        43       512     0.203     0.392     0.194     0.268      5.06      3.22         0
    76/299     11.2G      3.68      2.51         0      6.18        61       512     0.229     0.438     0.253     0.301      5.03       3.2         0
    77/299     11.2G      3.73      2.18         0      5.91        69       512     0.161     0.346     0.168     0.219      5.25      3.18         0
    78/299     11.2G      3.78      2.73         0      6.51        77       512     0.207     0.462     0.244     0.286      5.17      3.17         0
    79/299     11.2G      3.53       2.3         0      5.84        74       512      0.19       0.4     0.216     0.257         5      3.18         0
    80/299     11.2G      3.52      2.41         0      5.94        58       512     0.192     0.408     0.236     0.261      5.18       3.2         0
    81/299     11.2G      3.43      2.26         0      5.68        59       512     0.207     0.438     0.235     0.281      5.05       3.2         0
    82/299     11.2G       3.6      1.99         0      5.59        49       512     0.198     0.431     0.243     0.272      5.17      3.16         0
    83/299     11.2G      3.78      2.22         0         6        82       512     0.206     0.431     0.192     0.278      5.29      3.15         0
    84/299     11.2G      3.92      2.06         0      5.98        54       512     0.241     0.408     0.241     0.303      5.07      3.16         0
    85/299     11.2G      3.45      1.87         0      5.32        63       512     0.246     0.392     0.243     0.302      4.89      3.16         0
    86/299     11.2G      3.51      2.34         0      5.85        69       512      0.22     0.431     0.228     0.291      5.26      3.14         0
    87/299     11.2G      3.47      2.19         0      5.65        72       512     0.209     0.365     0.204     0.266         5      3.12         0
    88/299     11.2G      3.15      1.84         0      4.99        55       512     0.206     0.438     0.251      0.28      5.02      3.12         0
    89/299     11.2G      3.62      1.92         0      5.55        57       512     0.182     0.346     0.209     0.239      5.08      3.12         0
    90/299     11.2G      3.45      1.79         0      5.25        67       512     0.199     0.392      0.21     0.264      5.21       3.1         0
    91/299     11.2G      3.63      1.75         0      5.38        62       512     0.225     0.323     0.202     0.266      5.18      3.09         0
    92/299     11.2G      3.53      1.88         0      5.41        51       512     0.218      0.39     0.216      0.28      5.26      3.12         0
    93/299     11.2G      3.65      1.72         0      5.37        63       512     0.254     0.315      0.19     0.281      5.13      3.14         0
    94/299     11.2G      3.31      2.29         0       5.6        79       512     0.254     0.369      0.24     0.301      4.99      3.14         0
    95/299     11.2G      3.11       1.6         0      4.71        45       512     0.245     0.338     0.231     0.284       5.2      3.11         0
    96/299     11.2G      3.34      1.86         0       5.2        72       512     0.217     0.338     0.215     0.264      5.07      3.12         0
    97/299     11.2G       3.2      1.78         0      4.97        64       512     0.243     0.346     0.212     0.286      5.17      3.13         0
    98/299     11.2G      3.37      1.77         0      5.14        64       512     0.242     0.308     0.196     0.271      5.17      3.14         0
    99/299     11.2G       3.2      1.94         0      5.14        65       512     0.285     0.367     0.242     0.321      5.17      3.23         0
   100/299     11.2G      3.15      1.67         0      4.82        47       512     0.258     0.331     0.225      0.29      5.09      3.25         0
   101/299     11.2G      3.12      1.49         0      4.61        70       512     0.276     0.354     0.224      0.31      5.08      3.23         0
   102/299     11.2G      3.03      1.84         0      4.87        83       512     0.252     0.338     0.212     0.289      5.06      3.21         0
   103/299     11.2G      3.08      1.54         0      4.62        60       512     0.219     0.362     0.196     0.273      5.02      3.22         0
   104/299     11.2G      3.38      1.55         0      4.93        67       512     0.203     0.308     0.172     0.244      5.09      3.23         0
   105/299     11.2G      3.14      1.51         0      4.65        43       512     0.279     0.362     0.225     0.315      5.04      3.21         0
   106/299     11.2G      3.03      1.51         0      4.54        62       512     0.262     0.323     0.213     0.289      5.01      3.19         0
   107/299     11.2G      3.15      1.69         0      4.84        57       512     0.329     0.366     0.251     0.346      5.07      3.19         0
   108/299     11.2G      2.97      1.68         0      4.65        68       512      0.29     0.346     0.224     0.316         5      3.17         0
   109/299     11.2G       3.1      1.76         0      4.86        69       512     0.338       0.4     0.258     0.366      4.99      3.18         0
   110/299     11.2G      3.26      1.18         0      4.44        54       512     0.248     0.331     0.196     0.284      5.08      3.13         0
   111/299     11.2G      3.29      1.39         0      4.68        56       512     0.326     0.415     0.263     0.365      4.86      3.14         0
   112/299     11.2G      2.86      1.84         0      4.69        74       512     0.305     0.365      0.24     0.332      4.91      3.14         0
   113/299     11.2G      2.59      1.77         0      4.36        60       512     0.303     0.385     0.262     0.339      4.88      3.17         0
   114/299     11.2G      2.84       1.5         0      4.35        67       512     0.264     0.385     0.204     0.313      4.97      3.19         0
   115/299     11.2G       3.1      1.34         0      4.43        66       512     0.305     0.392     0.242     0.343      4.96      3.21         0
   116/299     11.2G      3.01       1.5         0      4.51        63       512     0.284     0.333     0.218     0.306      4.96      3.23         0
   117/299     11.2G       2.8      1.31         0      4.11        54       512      0.34     0.362      0.27      0.35      4.97      3.24         0
   118/299     11.2G      2.68      1.37         0      4.04        52       512     0.302     0.346      0.24     0.323         5      3.23         0
   119/299     11.2G      2.92      1.32         0      4.23        56       512     0.316     0.354     0.249     0.334      5.01      3.26         0
   120/299     11.2G       2.9       1.8         0       4.7        79       512     0.319     0.338      0.25     0.329      5.03      3.23         0
   121/299     11.2G      2.85      1.32         0      4.17        55       512     0.307     0.346     0.262     0.325      4.99      3.26         0
   122/299     11.2G      3.03      1.34         0      4.38        54       512     0.301     0.323      0.24     0.311      5.11      3.24         0
   123/299     11.2G      3.11      1.74         0      4.86        52       512     0.295     0.331     0.249     0.312      5.02      3.24         0
   124/299     11.2G      2.93      1.21         0      4.14        46       512      0.29     0.338     0.236     0.312         5      3.22         0
   125/299     11.2G      2.84      1.28         0      4.11        45       512     0.303     0.338     0.263      0.32      5.01      3.26         0
   126/299     11.2G      3.07      1.45         0      4.52        58       512     0.296     0.308     0.238     0.302      5.14      3.23         0
   127/299     11.2G      2.95      1.25         0       4.2        44       512     0.288     0.323     0.238     0.305      5.38      3.26         0
   128/299     11.2G      4.05      1.52         0      5.57        66       512     0.288     0.323     0.238     0.305      5.38      3.25         0
   129/299     11.2G      3.78      1.66         0      5.44        74       512      0.32     0.315     0.239     0.318      5.17      3.19         0
   130/299     11.2G      3.72      1.35         0      5.07        55       512     0.383     0.377     0.291      0.38      5.13      3.21         0
   131/299     11.2G      3.38      1.64         0      5.02        58       512     0.383     0.377     0.291      0.38      5.13       3.2         0
   132/299     11.2G      3.33      1.52         0      4.85        73       512      0.35     0.346      0.23     0.348      5.13      3.15         0
   133/299     11.2G       3.3      1.52         0      4.82        70       512     0.339     0.374     0.276     0.356      5.12       3.1         0
   134/299     11.2G      3.11      1.58         0      4.68        68       512     0.339     0.374     0.276     0.356      5.12       3.1         0
   135/299     11.2G      3.26       1.4         0      4.66        65       512     0.285     0.343      0.25     0.311      4.99         3         0
   136/299     11.2G      3.02      1.12         0      4.13        56       512     0.303     0.341      0.25     0.321      5.04      2.94         0
   137/299     11.2G      3.06      1.42         0      4.47        66       512     0.303     0.341      0.25     0.321      5.04      2.94         0
   138/299     11.2G      3.02      1.54         0      4.56        52       512     0.301     0.354     0.266     0.325      4.92      2.89         0
   139/299     11.2G      3.08      1.32         0       4.4        58       512      0.29     0.334     0.238     0.311      5.03      2.83         0
   140/299     11.2G      2.76       1.6         0      4.36        71       512      0.29     0.334     0.238     0.311      5.03      2.82         0
   141/299     11.2G      3.03      1.18         0      4.21        45       512     0.284     0.339     0.272      0.31      4.95      2.82         0
   142/299     11.2G         3      1.25         0      4.25        41       512     0.266     0.346     0.244     0.301      4.99      2.84         0
   143/299     11.2G       2.7      1.63         0      4.33        84       512     0.266     0.346     0.244     0.301      4.99      2.83         0
   144/299     11.2G      2.71      1.24         0      3.95        58       512      0.27     0.362     0.259     0.309      4.95      2.81         0
   145/299     11.2G      2.77      1.53         0       4.3        69       512     0.235     0.331     0.229     0.275      5.03       2.8         0
   146/299     11.2G         3      1.36         0      4.36        61       512     0.235     0.331     0.229     0.275      5.03      2.79         0
   147/299     11.2G      2.71      1.44         0      4.16        70       512       0.3     0.346     0.253     0.321      4.88      2.87         0
   148/299     11.2G      2.55      1.37         0      3.92        64       512     0.307     0.315     0.228     0.311      4.94      2.87         0
   149/299     11.2G      2.52      1.26         0      3.78        53       512     0.307     0.315     0.228     0.311      4.94      2.86         0
   150/299     11.2G      2.63      1.34         0      3.96        67       512     0.314     0.331     0.224     0.322      4.92      2.89         0
   151/299     11.2G      2.94      1.57         0       4.5        83       512     0.283     0.315     0.196     0.298      5.02      2.91         0
   152/299     11.2G      3.08      1.03         0      4.11        38       512     0.283     0.315     0.196     0.298      5.02      2.91         0
   153/299     11.2G      2.88      1.16         0      4.04        51       512     0.313     0.333     0.262     0.323      4.81      2.99         0
   154/299     11.2G      2.79      1.62         0      4.42        69       512     0.339     0.323     0.216     0.331      4.96      2.95         0
   155/299     11.2G       2.6      1.25         0      3.85        47       512     0.339     0.323     0.216     0.331      4.96      2.94         0
   156/299     11.2G       2.5      1.41         0      3.92        65       512     0.341     0.346     0.237     0.344      4.84      2.98         0
   157/299     11.2G       2.5      1.21         0      3.71        59       512     0.301     0.323     0.206     0.312      4.99      2.94         0
   158/299     11.2G      2.75     0.965         0      3.71        44       512     0.301     0.323     0.206     0.312      4.99      2.94         0
   159/299     11.2G      2.87      1.15         0      4.02        57       512     0.325     0.369     0.239     0.346      4.94      2.96         0
   160/299     11.2G      3.09      1.22         0      4.31        43       512     0.346     0.338     0.224     0.342      4.93      2.97         0
   161/299     11.2G       2.5      1.19         0      3.69        54       512     0.346     0.338     0.224     0.342      4.93      2.96         0
   162/299     11.2G      2.46      1.15         0      3.61        66       512     0.364     0.362     0.238     0.363      4.81      3.01         0
   163/299     11.2G      2.49      1.26         0      3.75        55       512     0.291     0.315     0.223     0.303      4.91         3         0
   164/299     11.2G      2.41      1.15         0      3.56        55       512     0.291     0.315     0.223     0.303      4.91      2.99         0
   165/299     11.2G      2.38       1.2         0      3.58        50       512      0.31     0.346     0.241     0.327      4.79      2.96         0
   166/299     11.2G      2.55      1.14         0      3.69        61       512     0.337     0.377     0.259     0.356      4.85      2.94         0
   167/299     11.2G      2.37      1.04         0      3.41        53       512     0.337     0.377     0.259     0.356      4.85      2.93         0
   168/299     11.2G      2.51      1.22         0      3.74        54       512     0.334     0.354     0.232     0.344       4.9      2.94         0
   169/299     11.2G      2.53      1.32         0      3.86        50       512     0.346     0.366     0.253     0.355      4.79         3         0
   170/299     11.2G      2.24      1.04         0      3.27        66       512     0.346     0.366     0.253     0.355      4.79      2.99         0
   171/299     11.2G      2.27      1.06         0      3.33        42       512     0.284     0.315     0.202     0.299       4.9      2.98         0
   172/299     11.2G       2.6      1.33         0      3.94        72       512     0.336     0.338     0.236     0.337      4.84      3.01         0
   173/299     11.2G      2.34      1.37         0      3.71        56       512     0.336     0.338     0.236     0.337      4.84         3         0
   174/299     11.2G       2.2      1.12         0      3.32        56       512     0.292     0.285     0.213     0.288      4.86         3         0
   175/299     11.2G      2.21      1.25         0      3.46        56       512     0.302     0.308     0.222     0.305      4.83      3.01         0
   176/299     11.2G      2.38      1.24         0      3.62        64       512     0.302     0.308     0.222     0.305      4.83         3         0
   177/299     11.2G      2.59      1.39         0      3.97        73       512     0.299     0.277     0.196     0.288      4.99      2.99         0
   178/299     11.2G      2.52      1.17         0      3.69        56       512     0.341     0.308     0.249     0.323      4.85      3.02         0
   179/299     11.2G      2.34      1.25         0      3.58        58       512     0.341     0.308     0.249     0.323      4.85      3.01         0
   180/299     11.2G      2.28     0.992         0      3.28        61       512     0.319     0.262      0.21     0.287      4.92      2.98         0
   181/299     11.2G      2.27      1.21         0      3.47        55       512     0.354     0.308     0.246     0.329      4.84         3         0
   182/299     11.2G      2.33      1.26         0      3.59        60       512     0.354     0.308     0.246     0.329      4.84      2.99         0
   183/299     11.2G      2.19      1.19         0      3.37        51       512     0.324     0.308     0.223     0.316      4.88      2.97         0
   184/299     11.2G      2.35     0.931         0      3.28        54       512     0.321     0.331     0.236     0.326      4.81      3.01         0
   185/299     11.2G       2.2      1.24         0      3.44        69       512     0.321     0.331     0.236     0.326      4.81         3         0
   186/299     11.2G      2.28      1.46         0      3.75        75       512     0.318       0.3     0.211     0.309      4.82      2.99         0
   187/299     11.2G      2.33     0.984         0      3.31        38       512     0.335     0.333     0.237     0.334      4.76      2.97         0
   188/299     11.2G      2.09      1.24         0      3.33        56       512     0.335     0.333     0.237     0.334      4.76      2.96         0
   189/299     11.2G      2.11      1.14         0      3.25        53       512     0.339     0.316     0.218     0.327      4.84      2.91         0
   190/299     11.2G       1.9      1.17         0      3.07        50       512     0.379     0.362     0.243      0.37      4.75      2.89         0
   191/299     11.2G      2.06      1.05         0       3.1        43       512     0.379     0.362     0.243      0.37      4.75      2.88         0
   192/299     11.2G      2.34      1.02         0      3.36        44       512     0.338     0.323     0.208      0.33      4.91      2.82         0
   193/299     11.2G       2.5         1         0       3.5        53       512     0.412     0.389     0.266       0.4      4.74      2.86         0
   194/299     11.2G      2.25      1.16         0      3.41        77       512     0.412     0.389     0.266       0.4      4.74      2.85         0
   195/299     11.2G      2.14      1.38         0      3.52        75       512     0.393     0.363     0.234     0.377      4.87       2.8         0
   196/299     11.2G      2.07      1.05         0      3.12        51       512     0.408     0.385     0.267     0.396      4.71      2.83         0
   197/299     11.2G      1.98      1.37         0      3.34        83       512     0.408     0.385     0.267     0.396      4.71      2.82         0
   198/299     11.2G      2.02      1.12         0      3.13        56       512     0.378     0.377     0.244     0.377      4.81      2.81         0
   199/299     11.2G      2.01      1.13         0      3.14        57       512      0.38     0.392     0.265     0.386       4.7      2.82         0
   200/299     11.2G      2.32     0.877         0       3.2        53       512      0.38     0.392     0.265     0.386       4.7      2.81         0
   201/299     11.2G      2.14      1.16         0       3.3        68       512     0.397     0.369     0.234     0.382      4.72      2.82         0
   202/299     11.2G      2.02      1.01         0      3.03        59       512     0.406     0.378     0.258     0.391       4.7      2.82         0
   203/299     11.2G      1.78     0.976         0      2.75        42       512     0.406     0.378     0.258     0.391       4.7      2.81         0
   204/299     11.2G      1.95      1.14         0      3.09        60       512     0.352     0.339     0.226     0.346      4.73      2.79         0
   205/299     11.2G       1.8     0.973         0      2.77        51       512     0.386     0.369      0.26     0.377      4.69      2.75         0
   206/299     11.2G      1.91      1.02         0      2.93        69       512     0.386     0.369      0.26     0.377      4.69      2.74         0
   207/299     11.2G      1.93      1.11         0      3.04        72       512     0.381     0.354     0.239     0.367      4.77      2.71         0
   208/299     11.2G      2.12      1.28         0       3.4        76       512     0.381     0.354     0.239     0.367      4.77      2.71         0
   209/299     11.2G      2.16      1.22         0      3.38        61       512     0.381     0.354     0.239     0.367      4.77       2.7         0
   210/299     11.2G       2.9      1.26         0      4.16        72       512     0.395     0.369     0.257     0.382      5.01      2.64         0
   211/299     11.2G      3.71      1.24         0      4.95        65       512     0.395     0.369     0.257     0.382      5.01      2.63         0
   212/299     11.2G      2.93     0.988         0      3.91        51       512     0.418     0.354     0.271     0.383       4.7       2.7         0
   213/299     11.2G      2.13      1.21         0      3.34        66       512     0.418     0.354     0.271     0.383       4.7      2.69         0
   214/299     11.2G      2.14      1.04         0      3.18        59       512     0.409     0.315     0.228     0.356      4.78      2.67         0
   215/299     11.2G      2.29      1.05         0      3.34        62       512     0.409     0.315     0.228     0.356      4.78      2.67         0
   216/299     11.2G      2.14       1.2         0      3.34        84       512     0.421     0.323     0.242     0.366      4.68      2.68         0
   217/299     11.2G      1.85     0.922         0      2.77        50       512     0.421     0.323     0.242     0.366      4.68      2.67         0
   218/299     11.2G      1.93      1.01         0      2.93        44       512      0.44     0.331     0.267     0.378      4.71      2.63         0
   219/299     11.2G      1.76     0.991         0      2.76        57       512      0.44     0.331     0.267     0.378      4.71      2.62         0
   220/299     11.2G      1.85      1.13         0      2.98        70       512     0.433     0.338     0.263      0.38       4.7      2.58         0
   221/299     11.2G      1.74     0.985         0      2.73        64       512     0.433     0.338     0.263      0.38       4.7      2.57         0
   222/299     11.2G      1.87      1.12         0      2.99        69       512     0.409      0.34     0.276     0.371      4.69      2.56         0
   223/299     11.2G      1.81      1.12         0      2.93        57       512     0.409      0.34     0.276     0.371      4.69      2.55         0
   224/299     11.2G      1.81      1.16         0      2.97        71       512     0.378     0.323      0.25     0.348      4.67      2.55         0
   225/299     11.2G      1.89      1.05         0      2.94        60       512     0.378     0.323      0.25     0.348      4.67      2.54         0
   226/299     11.2G      1.77      1.26         0      3.03        64       512     0.376     0.315     0.255     0.343      4.69      2.54         0
   227/299     11.2G       1.9     0.919         0      2.82        47       512     0.376     0.315     0.255     0.343      4.69      2.53         0
   228/299     11.2G       1.8      1.26         0      3.06        71       512     0.378     0.323     0.244     0.348      4.72      2.53         0
   229/299     11.2G      1.87      1.14         0      3.01        79       512     0.378     0.323     0.244     0.348      4.72      2.52         0
   230/299     11.2G      1.89     0.923         0      2.81        40       512     0.358     0.323      0.26      0.34      4.71      2.56         0
   231/299     11.2G      2.01     0.983         0      2.99        61       512     0.358     0.323      0.26      0.34      4.71      2.55         0
   232/299     11.2G      1.79      1.01         0       2.8        64       512     0.372     0.319     0.258     0.344       4.7      2.55         0
   233/299     11.2G      1.72      1.02         0      2.73        68       512     0.372     0.319     0.258     0.344       4.7      2.55         0
   234/299     11.2G      1.62       0.9         0      2.52        65       512      0.38     0.308     0.246      0.34      4.69      2.55         0
   235/299     11.2G      1.59     0.927         0      2.52        46       512      0.38     0.308     0.246      0.34      4.69      2.55         0
   236/299     11.2G       1.6      1.24         0      2.84        75       512     0.366     0.292     0.241     0.325      4.68      2.55         0
   237/299     11.2G      1.41     0.891         0       2.3        55       512     0.366     0.292     0.241     0.325      4.68      2.54         0
   238/299     11.2G      1.58      1.06         0      2.65        71       512      0.39      0.32     0.274     0.352      4.69      2.54         0
   239/299     11.2G      1.64     0.886         0      2.52        62       512      0.39      0.32     0.274     0.352      4.69      2.53         0
   240/299     11.2G      1.43      1.03         0      2.45        66       512     0.354     0.303     0.242     0.326      4.66      2.55         0
   241/299     11.2G       1.7     0.979         0      2.68        66       512     0.354     0.303     0.242     0.326      4.66      2.54         0
   242/299     11.2G      1.52      1.02         0      2.53        72       512     0.386     0.331     0.274     0.356      4.66      2.55         0
   243/299     11.2G      1.53      0.97         0       2.5        51       512     0.386     0.331     0.274     0.356      4.66      2.54         0
   244/299     11.2G      1.59     0.809         0      2.39        53       512     0.372     0.315     0.249     0.341      4.66      2.53         0
   245/299     11.2G      1.65     0.965         0      2.62        54       512     0.372     0.315     0.249     0.341      4.66      2.52         0
   246/299     11.2G      1.49     0.825         0      2.32        49       512     0.396     0.331     0.276     0.361      4.65      2.53         0
   247/299     11.2G      1.51      1.31         0      2.83        89       512     0.396     0.331     0.276     0.361      4.65      2.52         0
   248/299     11.2G      1.54      1.02         0      2.56        56       512     0.376     0.311     0.268      0.34      4.62      2.53         0
   249/299     11.2G      1.41     0.913         0      2.32        45       512     0.376     0.311     0.268      0.34      4.62      2.52         0
   250/299     11.2G       1.5      1.02         0      2.51        76       512     0.404     0.334     0.271     0.366      4.63      2.51         0
   251/299     11.2G      1.45         1         0      2.45        66       512     0.404     0.334     0.271     0.366      4.63      2.51         0
   252/299     11.2G      1.37     0.953         0      2.32        79       512     0.398     0.331     0.265     0.361      4.64       2.5         0
   253/299     11.2G      1.41     0.923         0      2.34        36       512     0.398     0.331     0.265     0.361      4.64       2.5         0
   254/299     11.2G      1.44     0.982         0      2.42        83       512     0.404     0.331     0.274     0.364      4.64       2.5         0
   255/299     11.2G      1.38     0.893         0      2.27        51       512     0.404     0.331     0.274     0.364      4.64       2.5         0
   256/299     11.2G      1.42     0.914         0      2.34        53       512     0.402     0.338     0.273     0.368      4.63       2.5         0
   257/299     11.2G      1.56     0.854         0      2.42        47       512     0.402     0.338     0.273     0.368      4.63       2.5         0
   258/299     11.2G      1.35     0.821         0      2.17        55       512     0.394     0.331     0.262      0.36      4.63      2.49         0
   259/299     11.2G       1.4      1.01         0      2.41        61       512     0.394     0.331     0.262      0.36      4.63      2.49         0
   260/299     11.2G      1.34     0.831         0      2.17        61       512     0.393     0.331     0.262     0.359      4.64      2.48         0
   261/299     11.2G       1.3     0.836         0      2.14        58       512     0.393     0.331     0.262     0.359      4.64      2.48         0
   262/299     11.2G      1.38      1.11         0      2.48        75       512     0.378     0.331     0.263     0.353      4.64      2.48         0
   263/299     11.2G      1.34     0.904         0      2.24        65       512     0.378     0.331     0.263     0.353      4.64      2.48         0
   264/299     11.2G      1.25     0.926         0      2.18        62       512     0.385     0.338     0.258      0.36      4.65      2.47         0
   265/299     11.2G      1.34     0.921         0      2.26        61       512     0.385     0.338     0.258      0.36      4.65      2.47         0
   266/299     11.2G      1.44     0.855         0      2.29        73       512     0.392     0.346     0.266     0.368      4.65      2.47         0
   267/299     11.2G      1.34     0.773         0      2.11        46       512     0.392     0.346     0.266     0.368      4.65      2.47         0
   268/299     11.2G      1.34     0.911         0      2.25        50       512       0.4     0.343     0.273     0.369      4.66      2.48         0
   269/299     11.2G      1.42     0.879         0       2.3        54       512       0.4     0.343     0.273     0.369      4.66      2.48         0
   270/299     11.2G      1.32     0.994         0      2.32        52       512     0.384     0.331     0.265     0.355      4.65      2.47         0
   271/299     11.2G      1.35     0.872         0      2.22        65       512     0.384     0.331     0.265     0.355      4.65      2.47         0
   272/299     11.2G      1.29     0.782         0      2.07        61       512       0.4     0.331     0.277     0.362      4.66      2.47         0
   273/299     11.2G      1.33     0.927         0      2.26        78       512       0.4     0.331     0.277     0.362      4.66      2.47         0
   274/299     11.2G      1.28     0.792         0      2.07        76       512     0.403     0.331     0.282     0.363      4.65      2.48         0
   275/299     11.2G      1.36     0.975         0      2.34        66       512     0.403     0.331     0.282     0.363      4.65      2.48         0
   276/299     11.2G      1.27      1.06         0      2.33        86       512     0.383     0.323     0.271      0.35      4.65      2.49         0
   277/299     11.2G      1.39     0.786         0      2.18        52       512     0.383     0.323     0.271      0.35      4.65      2.49         0
   278/299     11.2G      1.34     0.971         0      2.31        68       512     0.385     0.323     0.272     0.351      4.65      2.49         0
   279/299     11.2G      1.34     0.821         0      2.16        64       512     0.385     0.323     0.272     0.351      4.65      2.49         0
   280/299     11.2G      1.31     0.926         0      2.23        68       512     0.391     0.331     0.277     0.358      4.65      2.48         0
   281/299     11.2G      1.36     0.937         0      2.29        71       512     0.391     0.331     0.277     0.358      4.65      2.48         0
   282/299     11.2G      1.36     0.811         0      2.17        46       512     0.383     0.323     0.273      0.35      4.64      2.48         0
   283/299     11.2G      1.31     0.796         0       2.1        57       512     0.383     0.323     0.273      0.35      4.64      2.48         0
   284/299     11.2G      1.29     0.938         0      2.23        63       512     0.373     0.324     0.274     0.347      4.65      2.48         0
   285/299     11.2G      1.32     0.871         0       2.2        68       512     0.373     0.324     0.274     0.347      4.65      2.48         0
   286/299     11.2G      1.21     0.865         0      2.08        64       512     0.383     0.323     0.271      0.35      4.64      2.48         0
   287/299     11.2G      1.21     0.966         0      2.17        66       512     0.383     0.323     0.271      0.35      4.64      2.48         0
   288/299     11.2G      1.26     0.767         0      2.02        55       512     0.387     0.326     0.272     0.354      4.64      2.48         0
   289/299     11.2G      1.25     0.798         0      2.04        52       512     0.387     0.326     0.272     0.354      4.64      2.48         0
   290/299     11.2G       1.4     0.908         0      2.31        58       512       0.4     0.338      0.27     0.367      4.63      2.49         0
   291/299     11.2G      1.23      1.01         0      2.24        66       512       0.4     0.338      0.27     0.367      4.63      2.49         0
   292/299     11.2G      1.27     0.932         0       2.2        65       512     0.412     0.346     0.274     0.376      4.62      2.49         0
   293/299     11.2G       1.2     0.798         0         2        51       512     0.412     0.346     0.274     0.376      4.62      2.49         0
   294/299     11.2G      1.29     0.799         0      2.08        52       512     0.407     0.338     0.276      0.37      4.62       2.5         0
   295/299     11.2G      1.34     0.922         0      2.26        85       512     0.407     0.338     0.276      0.37      4.62       2.5         0
   296/299     11.2G      1.23     0.911         0      2.14        61       512     0.423     0.346     0.276     0.381      4.62      2.51         0
   297/299     11.2G      1.34      0.82         0      2.16        52       512     0.423     0.346     0.276     0.381      4.62      2.51         0
   298/299     11.2G      1.17     0.784         0      1.95        61       512     0.412     0.338     0.276     0.372      4.62      2.51         0
   299/299     11.2G      1.43     0.818         0      2.25        60       512     0.412     0.338     0.276     0.372      4.62      2.51         0
