     0/299     1.81G      8.49      10.8         0      19.3        75       320         0         0  0.000748         0      8.82      9.33         0
     1/299     4.89G      8.71      9.88         0      18.6        83       320         0         0  0.000827         0      8.74      8.55         0
     2/299     5.03G      8.56      9.28         0      17.8        47       320         0         0  0.000909         0      8.53      7.99         0
     3/299     5.03G      8.16      10.3         0      18.4        78       320         0         0   0.00128         0      8.38       7.7         0
     4/299     5.03G      7.97       9.6         0      17.6        73       320         0         0   0.00154         0      8.23      7.53         0
     5/299     5.04G      8.21      8.38         0      16.6        47       320         0         0   0.00235         0      8.13       7.4         0
     6/299     5.04G      7.63      8.97         0      16.6        54       320         0         0   0.00179         0      7.99      7.28         0
     7/299     5.04G       7.5      8.97         0      16.5        58       320         0         0   0.00227         0      7.85      7.17         0
     8/299     5.04G      7.41      8.19         0      15.6        67       320         0         0   0.00339         0      7.71      7.06         0
     9/299     5.04G      7.07      8.23         0      15.3        62       320         0         0   0.00363         0      7.54      6.97         0
    10/299     5.04G      6.72      7.55         0      14.3        43       320    0.0303   0.00769   0.00528    0.0123      7.31      6.87         0
    11/299     5.04G      6.77      7.08         0      13.8        57       320    0.0466    0.0154   0.00803    0.0231      7.08      6.76         0
    12/299     5.04G      6.76      7.85         0      14.6        75       320    0.0641    0.0231    0.0122    0.0339      7.02      6.66         0
    13/299     5.04G      6.69      8.24         0      14.9        69       320    0.0963    0.0462    0.0146    0.0624      6.88       6.6         0
    14/299     5.04G      6.42      8.34         0      14.8        71       320    0.0683    0.0538    0.0183    0.0602      6.77      6.57         0
    15/299     5.04G      6.47      7.31         0      13.8        57       320    0.0546    0.0692    0.0211     0.061      6.74      6.54         0
    16/299     5.04G      6.48      8.03         0      14.5        67       320    0.0401    0.0846    0.0188    0.0544      6.67      6.56         0
    17/299     5.04G      6.08       8.9         0        15        81       320    0.0419     0.108    0.0198    0.0603      6.69      6.56         0
    18/299     5.04G      6.12      6.94         0      13.1        56       320     0.044     0.123    0.0176    0.0648      6.69      6.57         0
    19/299     5.04G      5.74      7.21         0      12.9        56       320    0.0408     0.108    0.0185    0.0592      6.81      6.51         0
    20/299     5.04G      5.96      6.71         0      12.7        53       320    0.0398     0.108    0.0208    0.0581      6.89      6.45         0
    21/299     5.04G      5.88      6.48         0      12.4        55       320    0.0362     0.108    0.0224    0.0542      6.63       6.4         0
    22/299     5.04G      5.83      6.19         0        12        47       320    0.0428     0.131    0.0268    0.0645      6.54      6.31         0
    23/299     5.04G      5.86      6.43         0      12.3        54       320    0.0346     0.108    0.0246    0.0524      6.56      6.22         0
    24/299     5.04G       5.6      6.61         0      12.2        67       320    0.0388     0.115    0.0261     0.058      6.42      6.14         0
    25/299     5.04G      5.92      6.69         0      12.6        85       320    0.0454     0.126    0.0277    0.0668      6.31      6.04         0
    26/299     5.04G      5.51       7.1         0      12.6        84       320    0.0629     0.177    0.0286    0.0928      6.13      5.97         0
    27/299     5.04G      5.33         7         0      12.3        77       320    0.0697     0.208    0.0365     0.104      6.02      5.97         0
    28/299     5.04G      5.39      6.18         0      11.6        59       320    0.0658     0.208    0.0585       0.1         6      5.92         0
    29/299     5.04G      5.36      5.57         0      10.9        48       320    0.0639     0.215    0.0541    0.0986      6.09      5.79         0
    30/299     5.04G       5.3      5.81         0      11.1        68       320    0.0847     0.269    0.0628     0.129      5.93       5.7         0
    31/299     5.04G      5.11      5.36         0      10.5        49       320    0.0674     0.218    0.0511     0.103      5.96      5.65         0
    32/299     5.04G      5.01      5.39         0      10.4        48       320    0.0755     0.231    0.0476     0.114      6.05      5.57         0
    33/299     5.04G      5.24      5.28         0      10.5        50       320    0.0832     0.277    0.0539     0.128      6.01      5.49         0
    34/299     5.04G      5.29      4.89         0      10.2        48       320    0.0802     0.323    0.0754     0.128      6.08      5.44         0
    35/299     5.04G      5.03      4.55         0      9.58        51       320    0.0729     0.338       0.1      0.12       5.9      5.39         0
    36/299     5.04G       5.1       5.8         0      10.9        75       320    0.0622     0.331    0.0767     0.105      5.76      5.45         0
    37/299     5.04G      4.86      5.55         0      10.4        74       320    0.0608     0.323    0.0772     0.102      5.83      5.57         0
    38/299     5.04G      4.71       5.3         0        10        51       320    0.0614     0.346    0.0831     0.104      5.65      5.65         0
    39/299     5.04G      4.74      4.95         0       9.7        61       320    0.0663     0.408     0.104     0.114      5.66      5.66         0
    40/299     5.04G      4.55      4.97         0      9.52        52       320    0.0684     0.369    0.0978     0.115      5.65      5.54         0
    41/299     5.04G      4.82      5.67         0      10.5        64       320    0.0656     0.338    0.0717      0.11      6.13       5.4         0
    42/299     5.04G      4.79      4.82         0      9.61        61       320    0.0785     0.362     0.124     0.129      5.77      5.32         0
    43/299     5.04G      4.74      4.49         0      9.23        50       320     0.076       0.4    0.0839     0.128      5.74      5.31         0
    44/299     5.04G       4.9      4.49         0      9.38        60       320    0.0785     0.346     0.088     0.128      5.96      5.24         0
    45/299     5.04G       4.8       4.6         0       9.4        68       320    0.0861       0.4     0.117     0.142      5.52      5.25         0
    46/299     5.04G       4.8      5.07         0      9.87        63       320     0.074     0.323      0.07      0.12      5.93      5.22         0
    47/299     5.04G      4.94      4.23         0      9.17        59       320    0.0857       0.4    0.0888     0.141      5.66      5.25         0
    48/299     5.04G       4.9      3.58         0      8.48        44       320    0.0797     0.369    0.0766     0.131      5.96      5.16         0
    49/299     5.04G      4.86       4.3         0      9.16        70       320     0.106       0.4     0.107     0.168      5.62      5.07         0
    50/299     5.04G      5.28       3.8         0      9.08        51       320    0.0991     0.369    0.0817     0.156      5.94      5.05         0
    51/299     5.04G      5.32      4.73         0      10.1        77       320     0.111     0.346     0.115     0.169      5.81      4.98         0
    52/299     5.04G      4.68      3.81         0      8.49        68       320     0.119     0.392     0.142     0.183       5.4      4.93         0
    53/299     5.04G      4.54      4.54         0      9.08        74       320     0.117     0.377     0.167     0.178      5.32      4.89         0
    54/299     5.04G      4.48      4.09         0      8.56        61       320      0.12     0.369     0.162     0.181       5.3      4.87         0
    55/299     5.04G      5.01      5.01         0        10        94       320     0.102     0.362     0.123     0.159      5.84      4.82         0
    56/299     5.04G      4.92      3.98         0       8.9        63       320     0.099     0.354    0.0837     0.155      5.46      4.84         0
    57/299     5.04G      4.93      3.32         0      8.25        47       320    0.0992     0.354     0.107     0.155      5.67      4.78         0
    58/299     5.04G      5.03      3.29         0      8.33        53       320     0.135     0.385     0.118       0.2      5.46      4.72         0
    59/299     5.04G      4.58      3.97         0      8.55        73       320     0.147     0.392     0.157     0.213      5.36      4.68         0
    60/299     5.04G      4.55      4.15         0       8.7        73       320     0.149     0.415     0.178     0.219      5.27      4.69         0
    61/299     5.04G      4.47      3.67         0      8.14        55       320      0.15     0.469     0.225     0.228      5.25      4.72         0
    62/299     5.04G      4.65      3.34         0      7.99        53       320     0.143     0.477     0.184      0.22      5.34      4.73         0
    63/299     5.04G      4.59      3.12         0      7.71        45       320     0.117     0.431     0.149     0.183      5.33      4.81         0
    64/299     5.04G      4.43      3.71         0      8.14        59       320     0.148     0.454     0.203     0.223      5.49      4.77         0
    65/299     5.04G      4.79      3.64         0      8.43        62       320     0.136     0.462     0.177      0.21      5.28      4.71         0
    66/299     5.04G      4.74      3.33         0      8.06        59       320     0.144     0.438      0.17     0.217      5.37      4.67         0
    67/299     5.04G      4.77      3.32         0      8.08        72       320     0.137     0.408     0.138     0.205      5.42      4.65         0
    68/299     5.04G      5.04      3.87         0       8.9        87       320     0.194     0.508     0.218     0.281      5.47      4.63         0
    69/299     5.04G      4.45      3.52         0      7.97        69       320     0.172     0.462     0.217     0.251      5.24      4.65         0
    70/299     5.04G      4.33      3.23         0      7.56        61       320     0.165     0.508     0.234     0.249      5.22      4.61         0
    71/299     5.04G      4.09      4.13         0      8.22        83       320      0.18     0.462     0.202     0.259      5.15      4.61         0
    72/299     5.04G      4.38      2.97         0      7.35        56       320     0.139     0.485       0.2     0.216      5.17      4.56         0
    73/299     5.04G      4.46      2.98         0      7.44        54       320     0.173     0.462     0.168     0.251      5.29      4.65         0
    74/299     5.04G      4.28      2.83         0      7.11        61       320      0.18     0.508     0.227     0.265      5.02      4.64         0
    75/299     5.04G      3.97      2.53         0       6.5        43       320     0.171     0.423     0.189     0.243      5.21      4.69         0
    76/299     5.04G      4.16      3.27         0      7.43        61       320     0.178     0.423     0.193     0.251      5.02       4.7         0
    77/299     5.04G      4.16      3.08         0      7.24        69       320     0.177     0.431     0.176     0.251      5.26      4.65         0
    78/299     5.04G      4.15      3.45         0       7.6        77       320     0.175     0.469     0.213     0.255      5.12      4.72         0
    79/299     5.04G      4.27       2.9         0      7.17        74       320     0.166     0.431     0.202      0.24      5.13      4.68         0
    80/299     5.04G      4.06      3.03         0      7.09        58       320     0.156     0.492     0.206     0.237      5.09      4.74         0
    81/299     5.04G      4.08      2.87         0      6.94        59       320     0.151     0.409     0.148      0.22      5.19      4.76         0
    82/299     5.04G      4.17      2.34         0      6.51        49       320     0.151     0.477     0.194     0.229      5.06      4.74         0
    83/299     5.04G      4.04      2.84         0      6.88        81       320     0.156     0.415     0.184     0.227      5.03      4.71         0
    84/299     5.04G      3.63      2.41         0      6.05        54       320     0.201     0.454     0.215     0.279      4.78      4.74         0
    85/299     5.04G      3.63      2.51         0      6.14        63       320     0.153     0.446     0.201     0.228      4.89      4.66         0
    86/299     5.04G      3.84      2.88         0      6.72        69       320     0.161     0.454     0.186     0.238         5       4.7         0
    87/299     5.04G      3.94      2.63         0      6.56        72       320     0.177     0.462     0.193     0.256      4.79      4.65         0
    88/299     5.04G      3.79      2.46         0      6.25        56       320     0.164     0.469     0.198     0.243      4.98      4.96         0
    89/299     5.04G      3.97      2.45         0      6.43        57       320     0.142     0.438      0.15     0.215       5.2      5.15         0
    90/299     5.04G      4.15      2.46         0      6.61        65       320     0.197     0.454     0.241     0.274      4.85      4.67         0
    91/299     5.04G      3.66      2.28         0      5.94        62       320     0.204     0.438     0.215     0.279      4.73       4.7         0
    92/299     5.04G      3.51       2.3         0      5.81        50       320     0.206       0.5      0.27     0.292      4.89      4.77         0
    93/299     5.04G      3.83      2.22         0      6.05        63       320     0.197     0.454     0.231     0.275      4.99      4.61         0
    94/299     5.04G      3.73      2.92         0      6.65        79       320     0.194     0.477     0.255     0.275      5.08      4.53         0
    95/299     5.04G      3.55      2.31         0      5.86        45       320     0.199     0.454     0.226     0.276      4.98      4.56         0
    96/299     5.04G      3.74      2.69         0      6.43        72       320     0.194       0.5     0.285      0.28      4.88      4.49         0
    97/299     5.04G      3.29      2.27         0      5.56        63       320     0.211     0.462     0.261     0.289      4.78      4.57         0
    98/299     5.04G      3.53      2.58         0      6.11        64       320     0.184     0.485     0.243     0.267      4.89      4.59         0
    99/299     5.04G      3.89       2.4         0      6.29        65       320     0.189     0.454     0.228     0.267      4.97      4.63         0
   100/299     5.04G      3.66      2.02         0      5.68        47       320     0.221     0.523     0.251     0.311      4.92      4.62         0
   101/299     5.04G      3.48      2.08         0      5.56        70       320     0.203     0.438     0.198     0.277      4.91      4.61         0
   102/299     5.04G      3.42      2.47         0      5.88        83       320     0.226     0.508     0.248     0.312      4.78      4.68         0
   103/299     5.04G      3.12      2.09         0      5.21        60       320     0.217     0.431     0.216     0.289      4.73      4.77         0
   104/299     5.04G      3.41         2         0      5.42        68       320     0.191     0.485     0.223     0.274      4.95      4.84         0
   105/299     5.04G      3.75      2.17         0      5.92        43       320     0.203     0.438     0.201     0.277      4.92      4.85         0
   106/299     5.04G      3.52      1.88         0       5.4        62       320     0.206     0.431     0.212     0.278      4.89       4.9         0
   107/299     5.04G      3.51      2.35         0      5.86        57       320     0.227     0.446     0.237     0.301      4.78      4.97         0
   108/299     5.04G      3.05      2.31         0      5.36        68       320     0.211       0.4     0.218     0.276      4.85      4.96         0
   109/299     5.04G      3.36      2.26         0      5.62        69       320     0.224     0.431     0.257     0.295      4.89      4.94         0
   110/299     5.04G      3.88      1.58         0      5.45        54       320     0.209       0.4     0.213     0.274      4.81      4.91         0
   111/299     5.04G      3.64      2.09         0      5.73        56       320     0.219     0.431     0.219      0.29      4.74      4.92         0
   112/299     5.04G      3.12      2.77         0      5.88        74       320     0.224     0.408     0.204     0.289      4.71      4.89         0
   113/299     5.04G      2.91      2.37         0      5.27        59       320      0.23     0.415     0.208     0.296      4.76      4.84         0
   114/299     5.04G      2.86      2.07         0      4.93        66       320     0.235     0.477     0.256     0.315      4.88      4.83         0
   115/299     5.04G      3.25      1.91         0      5.16        66       320     0.239     0.408     0.208     0.302      4.91      4.86         0
   116/299     5.04G      3.38      1.94         0      5.31        63       320      0.24     0.431     0.296     0.308      5.17      4.89         0
   117/299     5.04G      3.25      1.97         0      5.23        54       320     0.256     0.415     0.241     0.317      4.99      4.91         0
   118/299     5.04G      3.08      1.93         0      5.01        52       320     0.293     0.477     0.307     0.363      5.07      4.89         0
   119/299     5.04G      2.92      1.82         0      4.74        56       320     0.256     0.454     0.277     0.328      4.97      4.86         0
   120/299     5.04G      2.85      2.33         0      5.17        79       320     0.257     0.485     0.323     0.336      5.05      4.86         0
   121/299     5.04G      3.02      1.81         0      4.84        55       320     0.235     0.485      0.26     0.317      4.92      4.95         0
   122/299     5.04G      3.08      1.76         0      4.84        54       320     0.243     0.523     0.299     0.332      4.99      4.91         0
   123/299     5.04G      3.34      2.28         0      5.62        52       320      0.26       0.5     0.286     0.342      4.81      5.02         0
   124/299     5.04G      3.03       1.6         0      4.63        46       320     0.268       0.5     0.329     0.349      4.82         5         0
   125/299     5.04G      3.19      1.75         0      4.93        45       320     0.239     0.469     0.247     0.317         5      5.04         0
   126/299     5.04G      3.26      1.94         0      5.21        58       320     0.259     0.477     0.308     0.336      4.87         5         0
   127/299     5.04G      3.27      1.78         0      5.05        44       320     0.228     0.431     0.213     0.298      5.23      5.01         0
   128/299     5.04G      3.68      1.97         0      5.65        65       320     0.228     0.431     0.213     0.298      5.23         5         0
   129/299     5.04G       3.6       2.4         0         6        74       320     0.242     0.446     0.264     0.314      4.99      4.96         0
   130/299     5.04G      3.69      1.77         0      5.46        54       320     0.284     0.392     0.214      0.33      5.05      5.04         0
   131/299     5.04G      3.53      2.26         0      5.79        58       320     0.284     0.392     0.214      0.33      5.05      5.03         0
   132/299     5.04G      3.23      2.15         0      5.39        73       320     0.298     0.462     0.287     0.362      4.92      5.02         0
   133/299     5.04G      3.31      2.53         0      5.83        70       320     0.269     0.438     0.224     0.333      5.05       4.9         0
   134/299     5.04G      3.43       2.4         0      5.84        68       320     0.269     0.438     0.224     0.333      5.05      4.89         0
   135/299     5.04G      3.34      2.13         0      5.47        65       320     0.292     0.485     0.294     0.365      4.99      4.86         0
   136/299     5.04G      3.26      1.79         0      5.05        56       320     0.275     0.415     0.236     0.331      4.97      4.85         0
   137/299     5.04G      3.12      1.77         0      4.88        65       320     0.275     0.415     0.236     0.331      4.97      4.84         0
   138/299     5.04G      3.11      1.99         0       5.1        51       320      0.28     0.415     0.284     0.335      4.97      4.88         0
   139/299     5.04G      3.18      2.04         0      5.22        58       320     0.267     0.377     0.209     0.313      5.09      4.88         0
   140/299     5.04G      3.47      2.25         0      5.72        71       320     0.267     0.377     0.209     0.313      5.09      4.87         0
   141/299     5.04G      3.39      1.66         0      5.05        45       320     0.252     0.331     0.226     0.286      5.04      4.81         0
   142/299     5.04G      3.19      1.67         0      4.87        41       320     0.322     0.354     0.245     0.337      4.97      4.83         0
   143/299     5.04G      2.84      2.18         0      5.03        84       320     0.322     0.354     0.245     0.337      4.97      4.81         0
   144/299     5.04G      2.89      1.89         0      4.78        57       320     0.312      0.38     0.253     0.342      4.91      4.85         0
   145/299     5.04G      3.06      2.64         0      5.71        69       320     0.313     0.385     0.227     0.345      5.07      4.73         0
   146/299     5.04G      3.57      1.91         0      5.48        61       320     0.313     0.385     0.227     0.345      5.07      4.72         0
   147/299     5.04G      3.08      2.35         0      5.43        70       320      0.36     0.408     0.311     0.382      5.02      4.69         0
   148/299     5.04G      2.89      2.16         0      5.05        64       320     0.318     0.385     0.243     0.348      4.85      4.84         0
   149/299     5.04G      2.98      1.89         0      4.87        53       320     0.318     0.385     0.243     0.348      4.85      4.83         0
   150/299     5.04G      2.94      1.96         0       4.9        67       320     0.367     0.431     0.294     0.396      4.94      4.75         0
   151/299     5.04G      2.83      2.14         0      4.97        83       320     0.219     0.369     0.134     0.275      5.13      4.97         0
   152/299     5.04G      3.09      1.73         0      4.83        38       320     0.219     0.369     0.134     0.275      5.13      4.95         0
   153/299     5.04G      2.95      1.63         0      4.58        51       320    0.0991     0.346      0.06     0.154       5.2      6.84         0
   154/299     5.04G       2.9      2.44         0      5.34        69       320    0.0304     0.231    0.0153    0.0537      5.87      15.3         0
   155/299     5.04G      2.86       1.7         0      4.56        47       320    0.0304     0.231    0.0153    0.0537      5.87      15.3         0
   156/299     5.04G      2.71       2.1         0      4.81        65       320    0.0549     0.315    0.0287    0.0935      5.71      13.9         0
   157/299     5.04G      2.82       1.7         0      4.52        59       320    0.0798     0.313    0.0482     0.127      5.32      8.11         0
   158/299     5.04G      2.71      1.42         0      4.14        44       320    0.0798     0.313    0.0482     0.127      5.32      8.09         0
   159/299     5.04G      2.98      1.52         0       4.5        57       320     0.315     0.354     0.285     0.333      5.09      4.56         0
   160/299     5.04G      3.48      1.53         0      5.01        43       320     0.379     0.346     0.279     0.362      5.03      4.76         0
   161/299     5.04G      2.77      1.69         0      4.46        54       320     0.379     0.346     0.279     0.362      5.03      4.75         0
   162/299     5.04G      2.85      1.92         0      4.76        66       320     0.381     0.354     0.272     0.367      5.12      4.78         0
   163/299     5.04G      2.94      2.07         0         5        55       320    0.0319    0.0769   0.00955    0.0451      7.57      8.95         0
   164/299     5.04G      2.92      1.77         0      4.69        55       320    0.0319    0.0769   0.00955    0.0451      7.57       8.9         0
   165/299     5.04G      2.78      1.93         0      4.71        50       320    0.0125    0.0769   0.00376    0.0215      7.34      13.2         0
   166/299     5.04G      3.03      1.89         0      4.92        60       320    0.0141    0.0923   0.00546    0.0244      6.63      9.58         0
   167/299     5.04G       2.8      1.66         0      4.46        53       320    0.0141    0.0923   0.00546    0.0244      6.63      9.55         0
   168/299     5.04G      2.83      1.82         0      4.65        54       320     0.106     0.208    0.0924      0.14      5.89      5.09         0
   169/299     5.04G      3.05      2.05         0       5.1        50       320     0.189     0.262     0.128     0.219      5.55      4.81         0
   170/299     5.04G      2.57       1.7         0      4.27        66       320     0.189     0.262     0.128     0.219      5.55      4.79         0
   171/299     5.04G      2.62      1.81         0      4.43        42       320     0.179     0.315     0.157     0.228      5.51      4.72         0
   172/299     5.04G      2.61      1.89         0      4.51        71       320     0.135     0.277     0.136     0.181      5.62      4.68         0
   173/299     5.04G      2.66      1.98         0      4.64        56       320     0.135     0.277     0.136     0.181      5.62      4.66         0
   174/299     5.04G      2.46      1.78         0      4.24        56       320     0.292     0.323     0.201     0.307      5.26      4.51         0
   175/299     5.04G      2.63      1.91         0      4.54        56       320     0.231     0.238     0.165     0.235      5.41      4.53         0
   176/299     5.04G      2.68       2.1         0      4.78        64       320     0.231     0.238     0.165     0.235      5.41      4.51         0
   177/299     5.04G      2.75      2.06         0       4.8        73       320     0.277     0.273     0.165     0.275      5.28      4.43         0
   178/299     5.04G      2.62      1.75         0      4.37        56       320     0.259     0.338     0.185     0.293      5.18      4.33         0
   179/299     5.04G      2.53      1.64         0      4.17        58       320     0.259     0.338     0.185     0.293      5.18      4.32         0
   180/299     5.04G       2.8      1.58         0      4.38        61       320     0.294     0.385     0.224     0.334      5.05      4.31         0
   181/299     5.04G      2.86      1.91         0      4.77        56       320     0.296     0.385     0.252     0.335      5.08      4.35         0
   182/299     5.04G      2.69      1.83         0      4.53        60       320     0.296     0.385     0.252     0.335      5.08      4.34         0
   183/299     5.04G      2.55      1.89         0      4.44        52       320      0.29     0.369     0.252     0.325      4.86       4.4         0
   184/299     5.04G      2.51       1.6         0      4.11        53       320    0.0626     0.292    0.0431     0.103      5.29      5.36         0
   185/299     5.04G       2.5       1.9         0       4.4        70       320    0.0626     0.292    0.0431     0.103      5.29      5.35         0
   186/299     5.04G      2.24      2.16         0       4.4        75       320     0.196     0.338     0.147     0.248      4.92      4.65         0
   187/299     5.04G      2.35      1.48         0      3.84        38       320     0.277     0.338     0.221     0.305      4.94      4.26         0
   188/299     5.04G      2.32      1.87         0      4.19        57       320     0.277     0.338     0.221     0.305      4.94      4.25         0
   189/299     5.04G      2.44      1.95         0      4.39        53       320     0.343     0.277     0.217     0.307      5.01      4.12         0
   190/299     5.04G      2.45      1.62         0      4.06        50       320     0.384     0.312     0.225     0.345      4.78      4.16         0
   191/299     5.04G      2.47      1.64         0      4.11        43       320     0.384     0.312     0.225     0.345      4.78      4.15         0
   192/299     5.04G      2.64      1.72         0      4.36        43       320     0.393     0.315     0.242      0.35      4.83      4.17         0
   193/299     5.04G      2.33       1.5         0      3.82        53       320     0.385     0.361     0.257     0.373      4.61      4.32         0
   194/299     5.04G      2.51      1.64         0      4.15        77       320     0.385     0.361     0.257     0.373      4.61      4.31         0
   195/299     5.04G      2.39      1.95         0      4.34        76       320     0.383     0.354     0.239     0.368      4.64      4.34         0
   196/299     5.04G      2.09      1.55         0      3.64        51       320     0.379     0.385     0.262     0.382      4.54      4.35         0
   197/299     5.04G      2.55      2.12         0      4.68        83       320     0.379     0.385     0.262     0.382      4.54      4.34         0
   198/299     5.04G      2.44      1.67         0       4.1        56       320     0.384     0.385     0.262     0.384      4.67      4.32         0
   199/299     5.04G      2.57      1.63         0      4.19        57       320     0.417     0.431     0.292     0.424      4.56      4.37         0
   200/299     5.04G      2.26      1.42         0      3.68        53       320     0.417     0.431     0.292     0.424      4.56      4.36         0
   201/299     5.04G      2.18      1.77         0      3.96        67       320     0.407     0.415     0.289     0.411      4.65       4.3         0
   202/299     5.04G      2.15      1.51         0      3.66        59       320     0.376     0.408     0.269     0.391      4.56      4.28         0
   203/299     5.04G      2.09      1.55         0      3.64        42       320     0.376     0.408     0.269     0.391      4.56      4.27         0
   204/299     5.04G      2.07       1.6         0      3.67        60       320     0.402     0.423     0.295     0.412      4.61      4.24         0
   205/299     5.04G      2.27      1.47         0      3.74        51       320     0.371     0.412     0.291      0.39      4.47      4.24         0
   206/299     5.04G      2.31      1.76         0      4.08        69       320     0.371     0.412     0.291      0.39      4.47      4.23         0
   207/299     5.04G       2.2      1.71         0       3.9        71       320     0.331     0.377     0.263     0.352      4.58      4.24         0
   208/299     5.04G      2.62      1.91         0      4.53        76       320     0.331     0.377     0.263     0.352      4.58      4.23         0
   209/299     5.04G      2.35      1.68         0      4.03        61       320     0.331     0.377     0.263     0.352      4.58      4.22         0
   210/299     5.04G       3.1      1.99         0      5.09        72       320     0.329     0.377     0.239     0.351      4.64      4.14         0
   211/299     5.04G      3.66      2.02         0      5.68        65       320     0.329     0.377     0.239     0.351      4.64      4.13         0
   212/299     5.04G      3.18      1.41         0      4.59        51       320     0.357     0.369     0.263     0.363      4.53      4.15         0
   213/299     5.04G      2.22       2.1         0      4.32        66       320     0.357     0.369     0.263     0.363      4.53      4.14         0
   214/299     5.04G      2.32      1.49         0      3.81        59       320     0.324     0.331     0.215     0.327      4.53      4.18         0
   215/299     5.04G      2.29      1.84         0      4.13        62       320     0.324     0.331     0.215     0.327      4.53      4.17         0
   216/299     5.04G      2.25      1.59         0      3.85        84       320     0.375     0.392     0.264     0.383      4.45      4.18         0
   217/299     5.04G      1.92      1.31         0      3.22        50       320     0.375     0.392     0.264     0.383      4.45      4.17         0
   218/299     5.04G      2.01      1.68         0      3.69        44       320     0.351     0.377     0.241     0.363      4.52      4.21         0
   219/299     5.04G      2.03      1.64         0      3.68        57       320     0.351     0.377     0.241     0.363      4.52       4.2         0
   220/299     5.04G      2.11      1.69         0      3.81        71       320     0.367     0.377     0.256     0.372      4.44      4.27         0
   221/299     5.04G      1.96      1.45         0      3.41        64       320     0.367     0.377     0.256     0.372      4.44      4.25         0
   222/299     5.04G      2.15         2         0      4.15        70       320     0.354     0.362     0.231     0.358      4.48      4.26         0
   223/299     5.04G      1.99      1.81         0       3.8        57       320     0.354     0.362     0.231     0.358      4.48      4.24         0
   224/299     5.04G      1.97      1.83         0       3.8        71       320      0.38     0.392     0.251     0.386      4.47      4.26         0
   225/299     5.04G      1.89      1.71         0       3.6        60       320      0.38     0.392     0.251     0.386      4.47      4.25         0
   226/299     5.04G      1.91      1.96         0      3.87        64       320     0.351     0.362     0.218     0.356      4.45      4.24         0
   227/299     5.04G      2.05      1.52         0      3.56        48       320     0.351     0.362     0.218     0.356      4.45      4.23         0
   228/299     5.04G      1.99         2         0      3.99        71       320     0.396       0.4     0.262     0.398      4.43      4.27         0
   229/299     5.04G      2.05      1.54         0      3.59        80       320     0.396       0.4     0.262     0.398      4.43      4.25         0
   230/299     5.04G      2.03       1.4         0      3.43        40       320     0.389     0.383      0.24     0.386      4.48      4.22         0
   231/299     5.04G      2.08      1.49         0      3.57        61       320     0.389     0.383      0.24     0.386      4.48      4.21         0
   232/299     5.04G       2.1      1.81         0       3.9        64       320     0.379     0.377     0.239     0.378      4.48      4.23         0
   233/299     5.04G      2.06      1.44         0       3.5        67       320     0.379     0.377     0.239     0.378      4.48      4.21         0
   234/299     5.04G      1.95      1.27         0      3.22        65       320     0.396     0.398     0.241     0.397      4.49       4.2         0
   235/299     5.04G      1.85      1.33         0      3.18        46       320     0.396     0.398     0.241     0.397      4.49      4.19         0
   236/299     5.04G      1.82      1.82         0      3.64        74       320     0.393       0.4     0.239     0.396      4.45      4.22         0
   237/299     5.04G      1.72       1.5         0      3.21        55       320     0.393       0.4     0.239     0.396      4.45       4.2         0
   238/299     5.04G       1.8      1.64         0      3.44        71       320     0.385     0.385     0.237     0.385      4.48      4.22         0
   239/299     5.04G      1.81      1.36         0      3.17        60       320     0.385     0.385     0.237     0.385      4.48       4.2         0
   240/299     5.04G      1.82      1.51         0      3.33        65       320     0.397       0.4     0.253     0.398      4.43      4.23         0
   241/299     5.04G      1.91      1.39         0       3.3        66       320     0.397       0.4     0.253     0.398      4.43      4.22         0
   242/299     5.04G      1.78      1.57         0      3.35        72       320     0.401     0.408     0.279     0.404      4.51      4.22         0
   243/299     5.04G      1.71      1.49         0      3.21        51       320     0.401     0.408     0.279     0.404      4.51      4.21         0
   244/299     5.04G       1.7      1.27         0      2.97        52       320     0.401       0.4     0.265       0.4      4.49       4.2         0
   245/299     5.04G      1.73       1.5         0      3.22        55       320     0.401       0.4     0.265       0.4      4.49      4.19         0
   246/299     5.04G      1.74      1.42         0      3.16        49       320     0.417     0.423     0.286      0.42      4.55      4.17         0
   247/299     5.04G      1.83      2.18         0      4.01        89       320     0.417     0.423     0.286      0.42      4.55      4.15         0
   248/299     5.04G      1.85      1.79         0      3.64        55       320     0.405     0.423     0.284     0.414      4.56      4.18         0
   249/299     5.04G      1.83       1.5         0      3.32        45       320     0.405     0.423     0.284     0.414      4.56      4.16         0
   250/299     5.04G      1.77      1.75         0      3.52        76       320     0.413     0.423     0.286     0.418      4.55      4.16         0
   251/299     5.04G      1.76      1.62         0      3.38        66       320     0.413     0.423     0.286     0.418      4.55      4.16         0
   252/299     5.04G       1.6      1.41         0      3.01        78       320     0.415     0.423     0.281     0.419      4.54       4.2         0
   253/299     5.04G      1.72      1.32         0      3.03        35       320     0.415     0.423     0.281     0.419      4.54       4.2         0
   254/299     5.04G      1.86      1.69         0      3.55        83       320     0.405     0.408     0.262     0.406      4.51      4.22         0
   255/299     5.04G      1.67      1.22         0       2.9        50       320     0.405     0.408     0.262     0.406      4.51      4.22         0
   256/299     5.04G      1.76      1.28         0      3.04        53       320     0.376     0.392     0.244     0.384       4.5      4.23         0
   257/299     5.04G      1.78      1.33         0      3.11        47       320     0.376     0.392     0.244     0.384       4.5      4.23         0
   258/299     5.04G      1.58      1.21         0      2.79        55       320     0.368     0.408     0.245     0.387      4.52      4.21         0
   259/299     5.04G      1.82      1.25         0      3.07        61       320     0.368     0.408     0.245     0.387      4.52      4.21         0
   260/299     5.04G      1.64      1.27         0      2.91        61       320     0.377     0.406     0.248     0.391      4.49      4.21         0
   261/299     5.04G      1.57      1.38         0      2.96        58       320     0.377     0.406     0.248     0.391      4.49      4.21         0
   262/299     5.04G      1.55      1.88         0      3.43        73       320     0.367     0.393     0.247     0.379      4.48      4.19         0
   263/299     5.04G      1.56       1.4         0      2.96        65       320     0.367     0.393     0.247     0.379      4.48      4.19         0
   264/299     5.04G      1.56       1.4         0      2.95        63       320     0.374     0.392     0.255     0.383      4.49      4.18         0
   265/299     5.04G      1.63      1.52         0      3.15        60       320     0.374     0.392     0.255     0.383      4.49      4.18         0
   266/299     5.04G      1.69      1.34         0      3.04        73       320     0.376     0.392     0.256     0.384      4.46      4.19         0
   267/299     5.04G      1.62      1.28         0       2.9        46       320     0.376     0.392     0.256     0.384      4.46      4.19         0
   268/299     5.04G      1.84      1.52         0      3.36        50       320     0.388       0.4     0.264     0.394      4.45      4.17         0
   269/299     5.04G      1.71      1.47         0      3.19        54       320     0.388       0.4     0.264     0.394      4.45      4.17         0
   270/299     5.04G      1.62      1.56         0      3.18        52       320     0.362     0.385      0.24     0.373      4.46      4.16         0
   271/299     5.04G       1.5       1.5         0         3        64       320     0.362     0.385      0.24     0.373      4.46      4.16         0
   272/299     5.04G      1.55      1.18         0      2.73        61       320     0.374     0.392     0.253     0.383      4.47      4.17         0
   273/299     5.04G      1.53      1.64         0      3.17        77       320     0.374     0.392     0.253     0.383      4.47      4.17         0
   274/299     5.04G      1.55      1.36         0      2.91        75       320     0.378     0.392     0.258     0.385      4.46      4.15         0
   275/299     5.04G      1.61      1.51         0      3.12        66       320     0.378     0.392     0.258     0.385      4.46      4.15         0
   276/299     5.04G      1.66      1.46         0      3.13        86       320     0.374     0.392      0.26     0.383      4.47      4.13         0
   277/299     5.04G      1.51      1.15         0      2.67        50       320     0.374     0.392      0.26     0.383      4.47      4.13         0
   278/299     5.04G      1.54      1.51         0      3.04        68       320     0.389     0.408     0.266     0.398      4.48      4.12         0
   279/299     5.04G      1.55      1.22         0      2.78        63       320     0.389     0.408     0.266     0.398      4.48      4.12         0
   280/299     5.04G      1.59      1.38         0      2.97        68       320     0.374     0.385      0.25     0.379      4.48      4.12         0
   281/299     5.04G      1.54      1.67         0      3.21        71       320     0.374     0.385      0.25     0.379      4.48      4.12         0
   282/299     5.04G       1.9      1.21         0      3.11        45       320     0.382     0.394     0.256     0.388      4.49      4.11         0
   283/299     5.04G      1.45      1.19         0      2.64        56       320     0.382     0.394     0.256     0.388      4.49      4.11         0
   284/299     5.04G      1.52      1.49         0         3        63       320     0.377     0.392     0.241     0.385      4.49       4.1         0
   285/299     5.04G      1.55      1.36         0      2.91        68       320     0.377     0.392     0.241     0.385      4.49       4.1         0
   286/299     5.04G      1.53      1.42         0      2.95        63       320     0.367     0.379     0.237     0.373      4.48      4.09         0
   287/299     5.04G      1.41       1.5         0      2.92        66       320     0.367     0.379     0.237     0.373      4.48      4.09         0
   288/299     5.04G      1.44      1.19         0      2.63        55       320     0.363     0.369     0.227     0.366      4.48       4.1         0
   289/299     5.04G      1.54       1.3         0      2.84        52       320     0.363     0.369     0.227     0.366      4.48       4.1         0
   290/299     5.04G      1.53      1.68         0      3.21        58       320     0.363     0.369     0.236     0.366      4.47      4.11         0
   291/299     5.04G      1.44      1.46         0      2.89        66       320     0.363     0.369     0.236     0.366      4.47      4.11         0
   292/299     5.04G      1.57      1.46         0      3.03        65       320     0.379     0.377     0.245     0.378      4.47      4.13         0
   293/299     5.04G      1.35      1.22         0      2.57        51       320     0.379     0.377     0.245     0.378      4.47      4.13         0
   294/299     5.04G      1.49      1.25         0      2.74        51       320     0.383     0.382      0.25     0.383      4.48      4.13         0
   295/299     5.04G      1.64      1.66         0      3.29        85       320     0.383     0.382      0.25     0.383      4.48      4.13         0
   296/299     5.04G      1.39      1.63         0      3.02        61       320     0.372     0.369     0.245     0.371      4.48      4.12         0
   297/299     5.04G      1.59      1.41         0         3        52       320     0.372     0.369     0.245     0.371      4.48      4.12         0
   298/299     5.04G       1.4      1.28         0      2.68        61       320     0.378     0.375     0.247     0.377      4.47      4.11         0
   299/299     5.04G      1.56      1.33         0      2.89        60       320     0.378     0.375     0.247     0.377      4.47      4.11         0
