     0/299     12.9G      8.21      7.37         0      15.6       115       512  0.000798   0.00552  0.000524   0.00139      8.45      6.93         0
     1/299     8.36G      8.41      9.26         0      17.7       144       448         0         0  0.000616         0      8.31      6.19         0
     2/299     8.36G      8.27       6.2         0      14.5       126       544         0         0  0.000592         0      8.15      5.35         0
     3/299     11.3G      8.03      7.27         0      15.3       139       448         0         0  0.000677         0      8.02      4.83         0
     4/299     8.49G      7.76      5.86         0      13.6       115       480         0         0  0.000819         0      7.87      4.59         0
     5/299     8.36G       7.6      6.44         0        14       104       416         0         0   0.00107         0      7.74      4.39         0
     6/299     8.45G      7.54      7.53         0      15.1       151       384         0         0   0.00158         0      7.59      4.25         0
     7/299     8.36G      7.28      7.25         0      14.5       127       384         0         0   0.00275         0      7.45      4.13         0
     8/299     13.2G      7.32      6.62         0      13.9       126       608         0         0   0.00358         0      7.32      4.03         0
     9/299     13.2G      6.93      5.87         0      12.8       144       576         0         0   0.00602         0      7.17      3.95         0
    10/299     15.2G      6.75      6.29         0        13       125       384     0.798   0.00552    0.0159     0.011      7.01      3.88         0
    11/299     8.78G       6.8      8.32         0      15.1       162       352     0.154   0.00552    0.0122    0.0107      6.87      3.83         0
    12/299     9.07G      6.58      6.39         0        13       113       640    0.0485   0.00552   0.00913   0.00992      6.72      3.78         0
    13/299     11.5G      6.36      5.37         0      11.7       127       544    0.0279   0.00552    0.0104   0.00922      6.55      3.75         0
    14/299     13.9G      6.36      6.13         0      12.5       120       352    0.0551    0.0221    0.0151    0.0315      6.48      3.73         0
    15/299     13.9G      6.09      5.22         0      11.3       107       512    0.0366    0.0221    0.0172    0.0276      6.34       3.7         0
    16/299     14.6G      5.99      5.58         0      11.6       130       608    0.0377    0.0276    0.0189    0.0319      6.25      3.66         0
    17/299     8.49G      6.12       5.8         0      11.9       142       416    0.0383    0.0331    0.0207    0.0355      6.19      3.63         0
    18/299     13.9G      5.73      5.01         0      10.7       123       544     0.043    0.0387    0.0185    0.0407      6.07      3.58         0
    19/299     13.9G      5.62      4.78         0      10.4       126       576     0.068    0.0608    0.0182    0.0642       5.9      3.52         0
    20/299     8.45G      5.84      6.66         0      12.5       124       320    0.0663    0.0663     0.025    0.0663      5.78      3.47         0
    21/299     13.9G      5.76       6.4         0      12.2       131       320    0.0656    0.0718    0.0262    0.0686      5.69      3.44         0
    22/299     13.9G      5.66      5.67         0      11.3       138       512    0.0584    0.0608    0.0278    0.0596      5.69      3.42         0
    23/299       16G      5.42      4.07         0      9.49       128       640    0.0974    0.0663    0.0408    0.0789      5.56      3.39         0
    24/299     14.5G      5.51      5.33         0      10.8       106       608     0.158    0.0718    0.0464    0.0987       5.5      3.33         0
    25/299     14.5G      5.22      4.59         0       9.8       115       480     0.179    0.0652    0.0587    0.0956      5.45      3.28         0
    26/299     9.06G      5.16      5.11         0      10.3       121       480     0.169    0.0663    0.0614    0.0952      5.33      3.24         0
    27/299      9.4G      5.23      7.21         0      12.4       137       416      0.17     0.127     0.069     0.145      5.27      3.22         0
    28/299     15.2G      5.05      4.67         0      9.72       114       416      0.12      0.15    0.0735     0.134       5.1      3.19         0
    29/299     15.2G      5.08      5.79         0      10.9       129       384     0.102     0.196    0.0609     0.134       5.1      3.17         0
    30/299     15.2G      4.85      3.95         0       8.8       132       544     0.121     0.243    0.0986     0.161      4.96       3.1         0
    31/299     15.2G      5.25      6.47         0      11.7       129       352     0.119     0.309     0.114     0.172      4.91      3.06         0
    32/299     15.2G       4.7      4.59         0      9.29       157       576     0.117     0.329     0.125     0.173      4.87      2.99         0
    33/299     15.2G      4.84      5.17         0        10       123       352      0.11     0.348     0.114     0.168      4.84      2.93         0
    34/299     15.2G      4.75      4.47         0      9.22       133       576      0.12     0.376     0.117     0.181      4.73      2.86         0
    35/299     15.2G      4.78      5.32         0      10.1       140       352    0.0957     0.343    0.0904      0.15      4.84      2.82         0
    36/299     15.2G      4.61      3.83         0      8.44       112       480    0.0973     0.354      0.11     0.153      4.72      2.77         0
    37/299     15.2G      4.77      4.65         0      9.42       133       416     0.104     0.392     0.128     0.164      4.59      2.72         0
    38/299     15.2G      4.21      3.57         0      7.78       117       576     0.124      0.47     0.154     0.196       4.5      2.66         0
    39/299     15.2G      4.45      3.83         0      8.28       118       448     0.113     0.492     0.151     0.184      4.61       2.6         0
    40/299     15.2G       4.6      4.54         0      9.15       124       352       0.1     0.497      0.13     0.167       4.5      2.56         0
    41/299     15.2G      4.29      3.18         0      7.48       122       512      0.12     0.552     0.211     0.197      4.39       2.5         0
    42/299     15.2G      4.23      3.81         0      8.03       135       480     0.131     0.536     0.228     0.211       4.3      2.46         0
    43/299     15.2G      4.23      3.26         0      7.49       131       608     0.128      0.53     0.216     0.207      4.33      2.42         0
    44/299     15.2G      4.59      3.82         0      8.41       108       416     0.126      0.53     0.192     0.204      4.36      2.39         0
    45/299     15.2G      4.11      4.01         0      8.11       110       448     0.124     0.552     0.241     0.202      4.47      2.36         0
    46/299     8.64G      4.57      4.57         0      9.15       119       384     0.108     0.508     0.144     0.178      4.63      2.33         0
    47/299     8.81G      4.55       4.1         0      8.65       144       416     0.113     0.552     0.178     0.188      4.72       2.3         0
    48/299     8.81G      4.61       4.7         0       9.3       116       384     0.101      0.55     0.184     0.171      4.53       2.3         0
    49/299     8.81G       4.9      6.19         0      11.1       154       320    0.0942     0.564     0.155     0.161      4.78      2.33         0
    50/299       15G       4.4      3.12         0      7.53       129       608    0.0821     0.564     0.123     0.143       4.7      2.35         0
    51/299     16.2G      4.27      2.93         0       7.2       128       640     0.114     0.608     0.209     0.192      4.52      2.25         0
    52/299     16.2G      4.37      3.55         0      7.93       136       448      0.13     0.575     0.197     0.211      4.33      2.19         0
    53/299     16.2G      4.57      2.78         0      7.35       102       544     0.135     0.541     0.218     0.216      4.86       2.1         0
    54/299     16.2G       4.8      4.74         0      9.54       125       352     0.143     0.497     0.182     0.223      4.61      2.05         0
    55/299     16.2G      4.76      4.25         0      9.01       131       352     0.154     0.486     0.168     0.234      4.81      2.03         0
    56/299     16.2G      4.56      2.47         0      7.03       122       640     0.161     0.481     0.206     0.241      4.66      2.01         0
    57/299     16.2G      4.93      4.05         0      8.98       132       384     0.172      0.47       0.2     0.252      4.94      1.98         0
    58/299     16.2G      4.98      3.72         0      8.71       131       384      0.18     0.493     0.203     0.263       4.7      1.96         0
    59/299     16.2G      4.88      5.22         0      10.1       162       320     0.156     0.486     0.177     0.236      4.77      1.94         0
    60/299     16.2G      4.94      3.48         0      8.42       117       352     0.166     0.514     0.177     0.251      4.73      1.94         0
    61/299     16.2G      4.35       2.9         0      7.25       134       576     0.197     0.547     0.252      0.29      4.45      1.92         0
    62/299     16.2G      4.02      2.36         0      6.38       114       640     0.184     0.558     0.271     0.277       4.3      1.88         0
    63/299     16.2G         4      3.14         0      7.14       144       512     0.226     0.598     0.327     0.328      4.26      1.84         0
    64/299     16.2G      4.16      2.76         0      6.92       115       576     0.188     0.586     0.225     0.285      4.55      1.76         0
    65/299     16.2G      4.18      3.24         0      7.42       121       448     0.246     0.624      0.34     0.353       4.2      1.73         0
    66/299     16.2G      3.94      2.46         0       6.4       130       576      0.22     0.624     0.294     0.325      4.49      1.69         0
    67/299     16.2G      4.42      3.22         0      7.64       138       416     0.223      0.63     0.267     0.329      4.38      1.67         0
    68/299     16.2G      4.05      3.09         0      7.14       135       416     0.215     0.608       0.3     0.318      4.45      1.66         0
    69/299     16.2G      3.76      2.23         0      5.99       108       640     0.308     0.691      0.49     0.426      3.72      1.64         0
    70/299     16.2G      3.65      2.35         0         6       134       608     0.257     0.663     0.444     0.371      4.03      1.61         0
    71/299     16.2G      3.55       2.7         0      6.25       149       512     0.291     0.702     0.463     0.411      3.84      1.58         0
    72/299     16.2G      3.74      2.36         0       6.1       126       608     0.254     0.657     0.421     0.367      4.18      1.55         0
    73/299     16.2G      3.96      2.58         0      6.53       128       448      0.27     0.713     0.467     0.392      3.93      1.51         0
    74/299     16.2G      3.63      2.19         0      5.83       125       544     0.289     0.707     0.489      0.41      3.79       1.5         0
    75/299     16.2G       3.7       2.5         0       6.2       163       544     0.247     0.718     0.393     0.367      3.87       1.5         0
    76/299     16.2G      3.79      2.14         0      5.92       129       640     0.303     0.707      0.48     0.424      3.76      1.54         0
    77/299     16.2G      3.56      2.08         0      5.64       129       640     0.274     0.757     0.469     0.403       3.5      1.51         0
    78/299     16.2G      3.54       2.2         0      5.75       113       480     0.307     0.757     0.555     0.437      3.44      1.45         0
    79/299     16.2G      3.92      3.21         0      7.13       119       352     0.249      0.79     0.502     0.378      3.79       1.4         0
    80/299     16.2G       3.8      2.28         0      6.08       101       480     0.229      0.74     0.359      0.35      4.12      1.51         0
    81/299     16.2G      3.61       1.9         0      5.51       105       608     0.248     0.735      0.46     0.371      3.82      1.55         0
    82/299     16.2G      3.98      3.59         0      7.57       138       352     0.276     0.663     0.473      0.39      3.76      1.58         0
    83/299     16.2G      3.75      2.16         0      5.91       118       544     0.225     0.558      0.33     0.321      4.31      1.59         0
    84/299     16.2G      3.79      2.02         0      5.81       122       608     0.415     0.652     0.559     0.507       3.6      1.58         0
    85/299     16.2G      3.55      1.71         0      5.26       116       640     0.379     0.613     0.564     0.469      3.81      1.54         0
    86/299     16.2G      3.41      2.52         0      5.93       145       480     0.434     0.691     0.607     0.533       3.5      1.47         0
    87/299     16.2G      3.38      2.83         0      6.21       130       416     0.382      0.74     0.636     0.504      3.72      1.34         0
    88/299     16.2G      3.81       2.4         0      6.21       139       416     0.346     0.773     0.451     0.478      3.86      1.35         0
    89/299     16.2G      4.23      3.48         0      7.71       112       320     0.309     0.663     0.413     0.421       4.1      1.37         0
    90/299     16.2G      3.63       2.5         0      6.13       127       448     0.411     0.724     0.597     0.524      3.68      1.39         0
    91/299     16.2G      3.53       3.1         0      6.63       124       352     0.342      0.68      0.52     0.455      3.74       1.4         0
    92/299     16.2G      3.35      2.58         0      5.92       123       416     0.378     0.707     0.549     0.492      3.63       1.4         0
    93/299     16.2G      3.64      2.25         0      5.89       147       480     0.317     0.663     0.449     0.429      4.07      1.41         0
    94/299     16.2G      3.74      2.39         0      6.13       102       384     0.464     0.652     0.606     0.542      3.75      1.45         0
    95/299     16.2G      3.47         2         0      5.47       120       480     0.482     0.586     0.562     0.529      4.11      1.49         0
    96/299     16.2G      3.31       2.1         0      5.41       150       512      0.49      0.58     0.561     0.531      3.68      1.56         0
    97/299     16.2G      3.35      3.51         0      6.87       127       320     0.325     0.586     0.502     0.418      4.11      1.62         0
    98/299     16.2G         3      2.77         0      5.77       111       352     0.197     0.591     0.464     0.295      3.99      1.67         0
    99/299     16.2G      3.43      2.73         0      6.15       141       384     0.288     0.539     0.382     0.375      4.32      1.64         0
   100/299     16.2G      3.53       2.1         0      5.62       126       416     0.405     0.613     0.508     0.487       3.6      1.71         0
   101/299     16.2G      3.88      3.46         0      7.34       147       320     0.182     0.464     0.288     0.262      4.73      1.87         0
   102/299     16.2G      3.59      1.69         0      5.28       128       608    0.0886     0.613     0.277     0.155      3.64      3.78         0
   103/299     16.2G      3.09      1.68         0      4.78       116       640    0.0791     0.652     0.188     0.141      3.86      4.48         0
   104/299     16.2G      3.05      2.03         0      5.07       137       576    0.0671     0.674     0.259     0.122      3.64      4.35         0
   105/299     16.2G      3.01      1.52         0      4.53       120       608    0.0698     0.696     0.305     0.127       3.7      3.83         0
   106/299     16.2G      3.07      1.49         0      4.56       117       640     0.129     0.696     0.456     0.217       3.4       2.4         0
   107/299     16.2G      3.34      2.73         0      6.07       151       352     0.162     0.735     0.407     0.265      3.89      1.82         0
   108/299     16.2G      3.39      2.99         0      6.38       116       320     0.422     0.746     0.591     0.539      3.75      1.31         0
   109/299     16.2G      3.55      2.69         0      6.24       134       352     0.409     0.785     0.607     0.537      3.97      1.27         0
   110/299     16.2G      3.29      1.67         0      4.96       131       640     0.545     0.834     0.737     0.659      3.09      1.22         0
   111/299     16.2G      3.12      2.14         0      5.27       117       416     0.516     0.812     0.688     0.631      3.14      1.21         0
   112/299     16.2G      3.01      1.58         0      4.59       140       608      0.52     0.801     0.721      0.63      3.34      1.19         0
   113/299     16.2G      3.39      1.55         0      4.94       122       608     0.574     0.736     0.658     0.645      3.37      1.32         0
   114/299     16.2G      3.35      2.62         0      5.97       138       352     0.565     0.674     0.612     0.615      3.65      1.41         0
   115/299     16.2G      2.95      1.93         0      4.88       144       512     0.626     0.675     0.661     0.649      3.23      1.43         0
   116/299     16.2G      3.16      2.57         0      5.73       122       352     0.601     0.702      0.69     0.647      3.29      1.33         0
   117/299     16.2G      2.81      2.12         0      4.93       135       480     0.651     0.735     0.746      0.69      3.06      1.26         0
   118/299     16.2G      3.37      2.48         0      5.85       125       352     0.502     0.729     0.663     0.595      3.51       1.2         0
   119/299     16.2G      3.39      2.78         0      6.17       113       320     0.604     0.779     0.764      0.68      3.09      1.15         0
   120/299     16.2G      2.91      1.23         0      4.14       122       608      0.57     0.755     0.736      0.65      3.35      1.14         0
   121/299     16.2G       3.2      2.85         0      6.05       146       320     0.635     0.812     0.798     0.713      2.94      1.06         0
   122/299     16.2G      3.14      1.99         0      5.13       135       416     0.578     0.812     0.785     0.675      3.24      1.04         0
   123/299     16.2G      3.18      2.12         0       5.3       116       384     0.623     0.834     0.819     0.713      2.96      1.04         0
   124/299     16.2G      3.37      1.93         0      5.31        96       352      0.51     0.801     0.728     0.623      3.46      1.04         0
   125/299     16.2G      3.24       1.4         0      4.63       124       544     0.731     0.807     0.835     0.767      2.86      1.07         0
   126/299     16.2G      2.92      2.11         0      5.03       126       416     0.679     0.812     0.821      0.74      3.09      1.07         0
   127/299     16.2G      3.01      2.27         0      5.28       118       320     0.551     0.823     0.706      0.66      3.64      1.03         0
   128/299     16.2G      4.26      2.37         0      6.62       129       320     0.551     0.823     0.706      0.66      3.64      1.03         0
   129/299     16.2G      4.01      1.55         0      5.56       145       640     0.563     0.834     0.778     0.672         4      1.03         0
   130/299     16.2G      3.97      2.06         0      6.03       137       320      0.61      0.84     0.782     0.707      3.17      1.06         0
   131/299     16.2G      3.42       2.5         0      5.91       121       320      0.61      0.84     0.782     0.707      3.17      1.06         0
   132/299     16.2G      3.32       1.5         0      4.82       133       576     0.514     0.856     0.747     0.643      3.27      1.09         0
   133/299     16.2G      3.18      1.16         0      4.34       101       512     0.491     0.867     0.729     0.627       3.1      1.06         0
   134/299     16.2G      3.39      1.34         0      4.73       106       512     0.491     0.867     0.729     0.627       3.1      1.06         0
   135/299     16.2G      3.43      1.34         0      4.77       132       608     0.446     0.851     0.717     0.585      3.72      1.09         0
   136/299     16.2G      3.63      1.95         0      5.59       108       352     0.584     0.856     0.784     0.695      2.87      1.05         0
   137/299     16.2G      3.12      2.07         0      5.19       139       352     0.584     0.856     0.784     0.695      2.87      1.05         0
   138/299     16.2G      2.91       1.9         0      4.81       112       448     0.519     0.884      0.72     0.654       3.1      1.05         0
   139/299     16.2G      3.12      1.98         0      5.09       113       352     0.581     0.895     0.809     0.705      2.92      1.02         0
   140/299     16.2G      3.07      2.11         0      5.18       120       352     0.581     0.895     0.809     0.705      2.92      1.02         0
   141/299     16.2G       3.2      1.93         0      5.13       125       416     0.499      0.89     0.718     0.639      3.27      1.02         0
   142/299     16.2G      3.35      2.03         0      5.39       118       352     0.582      0.87     0.838     0.698      2.89      1.02         0
   143/299     16.2G      2.89      1.76         0      4.66        95       352     0.582      0.87     0.838     0.698      2.89      1.02         0
   144/299     16.2G       2.9      1.49         0      4.38       126       640     0.541     0.856     0.797     0.663      2.93      1.04         0
   145/299     16.2G      2.78      1.52         0       4.3       116       448     0.554     0.856     0.839     0.673      2.65      1.01         0
   146/299     16.2G      2.51      1.83         0      4.35       129       448     0.554     0.856     0.839     0.673      2.65      1.01         0
   147/299     16.2G      2.87      1.42         0      4.29       116       480     0.431     0.851     0.669     0.572      3.24      1.01         0
   148/299     16.2G       3.1      1.52         0      4.61       152       512     0.515     0.873     0.796     0.648       2.8     0.959         0
   149/299     16.2G      3.27      1.37         0      4.64       142       512     0.515     0.873     0.796     0.648       2.8     0.959         0
   150/299     16.2G      3.15      1.72         0      4.87        99       384     0.518     0.834       0.8     0.639      3.35     0.968         0
   151/299     16.2G      3.28      2.22         0       5.5       143       320     0.546     0.862     0.813     0.668      2.76     0.971         0
   152/299     16.2G      3.18       2.5         0      5.69       114       320     0.546     0.862     0.813     0.668      2.76     0.971         0
   153/299     16.2G      2.75      1.33         0      4.09       123       576     0.574     0.856     0.817     0.687      2.95     0.968         0
   154/299     16.2G      2.57      1.45         0      4.02       130       544     0.613     0.873     0.828      0.72      2.45     0.931         0
   155/299     16.2G      2.59      1.24         0      3.83       132       544     0.613     0.873     0.828      0.72      2.45     0.931         0
   156/299     16.2G      2.87       2.5         0      5.37       127       320     0.532     0.862     0.799     0.658      3.14     0.952         0
   157/299     16.2G      2.98      1.76         0      4.74       119       608     0.627     0.862     0.853     0.726      2.39     0.942         0
   158/299     16.2G      2.75      1.27         0      4.02       108       608     0.627     0.862     0.853     0.726      2.39     0.942         0
   159/299     16.2G      2.73      2.08         0      4.81       116       352     0.591     0.862     0.824     0.701      3.08     0.951         0
   160/299     16.2G      2.63      1.49         0      4.12       100       512     0.608     0.851     0.804     0.709      2.55     0.941         0
   161/299     16.2G       2.7      1.44         0      4.14       126       512     0.608     0.851     0.804     0.709      2.55     0.941         0
   162/299     16.2G       2.9      1.71         0      4.61       107       416     0.582     0.851     0.816     0.691      3.45     0.959         0
   163/299     16.2G      3.05      1.68         0      4.72       131       448     0.641     0.845     0.811     0.729      2.54     0.949         0
   164/299     16.2G      2.77      1.48         0      4.26       103       448     0.641     0.845     0.811     0.729      2.54     0.948         0
   165/299     16.2G      2.75      1.58         0      4.33       134       480     0.656     0.845     0.825     0.739      3.18     0.978         0
   166/299     16.2G      2.84      1.29         0      4.13       134       544       0.7     0.867     0.861     0.775      2.32      0.96         0
   167/299     16.2G      2.49      1.31         0      3.81       110       544       0.7     0.867     0.861     0.775      2.32      0.96         0
   168/299     16.2G      2.53      1.33         0      3.86       129       608     0.719     0.884     0.867     0.793      2.79     0.952         0
   169/299     16.2G      2.53       1.2         0      3.74       110       384      0.74     0.878     0.877     0.803      2.25       0.9         0
   170/299     16.2G      2.61      2.03         0      4.64       120       384      0.74     0.878     0.877     0.803      2.25       0.9         0
   171/299     16.2G      2.63       1.2         0      3.83       130       640     0.721     0.878     0.879     0.792      2.58     0.883         0
   172/299     16.2G      2.49       1.4         0       3.9       140       416     0.722     0.878     0.887     0.793      2.32     0.851         0
   173/299     16.2G      2.36      1.55         0      3.91        97       416     0.722     0.878     0.887     0.793      2.32     0.851         0
   174/299     16.2G      2.71      2.39         0       5.1       115       320     0.691     0.873      0.86     0.771      2.63     0.857         0
   175/299     16.2G      2.89      1.72         0      4.61       157       640      0.76     0.884     0.895     0.817      2.21     0.835         0
   176/299     16.2G      2.36      1.06         0      3.42       127       640      0.76     0.884     0.895     0.817      2.21     0.835         0
   177/299     16.2G      2.52      1.75         0      4.27       140       384     0.751     0.895     0.899     0.817      2.46     0.841         0
   178/299     16.2G      2.41      1.58         0      3.99       110       384     0.745      0.89     0.898     0.811      2.69     0.848         0
   179/299     16.2G      2.89      1.74         0      4.62       136       384     0.745      0.89     0.898     0.811      2.69     0.848         0
   180/299     16.2G      2.71      1.29         0         4       121       480     0.746     0.884     0.904     0.809       2.5      0.84         0
   181/299     16.2G      2.57      1.33         0       3.9       137       576     0.788     0.884     0.909     0.833      2.37     0.819         0
   182/299     16.2G      2.36     0.957         0      3.32       103       576     0.788     0.884     0.909     0.833      2.37     0.819         0
   183/299     16.2G      2.33      1.51         0      3.85       117       448     0.798      0.89      0.91     0.841      2.23     0.797         0
   184/299     16.2G       2.4      1.76         0      4.16       129       352       0.8      0.89     0.909     0.842      2.43     0.789         0
   185/299     16.2G      2.76      1.95         0      4.71       107       352       0.8      0.89     0.909     0.842      2.43     0.789         0
   186/299     16.2G      2.65       1.2         0      3.85       131       608     0.814     0.895     0.915     0.853      2.49     0.786         0
   187/299     16.2G      2.67      1.24         0      3.91       133       544     0.821     0.884     0.918     0.851      2.26     0.772         0
   188/299     16.2G      2.22      1.38         0      3.59       140       544     0.821     0.884     0.918     0.851      2.26     0.772         0
   189/299     16.2G       2.3       1.1         0      3.41       112       640     0.827      0.89     0.919     0.857      2.08     0.769         0
   190/299     16.2G      2.13      1.38         0       3.5       138       384     0.855     0.895     0.924     0.875      2.09     0.755         0
   191/299     16.2G      2.18      1.65         0      3.83       128       384     0.855     0.895     0.924     0.875      2.09     0.754         0
   192/299     16.2G       2.2      2.63         0      4.83       137       320     0.818     0.895     0.924     0.855      2.23     0.756         0
   193/299     16.2G      2.16      1.68         0      3.83       142       544     0.836     0.901     0.917     0.867      2.11     0.754         0
   194/299     16.2G      2.07      1.22         0      3.29       133       544     0.836     0.901     0.917     0.867      2.11     0.754         0
   195/299     16.2G      2.22      1.05         0      3.27       126       640     0.819     0.912     0.923     0.863      2.15     0.756         0
   196/299     16.2G      2.09      1.13         0      3.22       145       512     0.842     0.912     0.923     0.875       2.1     0.741         0
   197/299     16.2G      2.32      1.33         0      3.66       144       512     0.842     0.912     0.923     0.875       2.1      0.74         0
   198/299     16.2G      2.28     0.987         0      3.26       117       608     0.795     0.906     0.918     0.847      2.39     0.764         0
   199/299     16.2G      2.42      1.06         0      3.48       137       576     0.857     0.912     0.919     0.884       1.9     0.753         0
   200/299     16.2G      2.14     0.907         0      3.05        82       576     0.857     0.912     0.919     0.884       1.9     0.753         0
   201/299     16.2G      2.19       1.3         0      3.49       110       448     0.804     0.906     0.913     0.852      2.62     0.785         0
   202/299     16.2G       2.6      1.22         0      3.81       114       640     0.868     0.901     0.914     0.884      2.01     0.755         0
   203/299     16.2G      2.01     0.985         0      2.99       122       640     0.868     0.901     0.914     0.884      2.01     0.755         0
   204/299     16.2G      2.03      1.28         0      3.32       137       480      0.86     0.901     0.921      0.88      1.96     0.759         0
   205/299     16.2G      1.88      1.28         0      3.16       101       512     0.859     0.901     0.926     0.879      1.93     0.744         0
   206/299     16.2G      1.94     0.942         0      2.88       118       512     0.859     0.901     0.926     0.879      1.93     0.743         0
   207/299     16.2G      2.07      1.24         0      3.31       151       640     0.868     0.906     0.927     0.887      2.06     0.746         0
   208/299     16.2G      2.26     0.878         0      3.14       115       640     0.868     0.906     0.927     0.887      2.06     0.746         0
   209/299     16.2G      2.02      1.08         0       3.1       126       640     0.868     0.906     0.927     0.887      2.06     0.746         0
   210/299     16.2G      2.63       1.7         0      4.33       143       448     0.768     0.884     0.899     0.822      2.84     0.728         0
   211/299     16.2G      3.27       1.3         0      4.57       135       448     0.768     0.884     0.899     0.822      2.84     0.728         0
   212/299     16.2G      2.78       1.6         0      4.37       135       384     0.841     0.901     0.926      0.87      2.15     0.735         0
   213/299     16.2G      2.18       1.6         0      3.78       103       384     0.841     0.901     0.926      0.87      2.15     0.735         0
   214/299     16.2G      2.17      1.09         0      3.26       126       576      0.86     0.895      0.92     0.877      2.01     0.727         0
   215/299     16.2G      2.09     0.928         0      3.02       117       576      0.86     0.895      0.92     0.877      2.01     0.727         0
   216/299     16.2G       2.4       1.9         0      4.29       130       320     0.846     0.901     0.928     0.872      1.97     0.727         0
   217/299     16.2G       2.3      2.23         0      4.53       122       320     0.846     0.901     0.928     0.872      1.97     0.727         0
   218/299     16.2G      1.98      1.05         0      3.03       125       544     0.831     0.895     0.919     0.862      1.97     0.709         0
   219/299     16.2G      1.92      1.08         0         3       118       544     0.831     0.895     0.919     0.862      1.97     0.709         0
   220/299     16.2G      2.04      1.51         0      3.55       142       352     0.833     0.906     0.923     0.868      1.88     0.703         0
   221/299     16.2G      1.99      1.66         0      3.66       137       352     0.833     0.906     0.923     0.868      1.88     0.703         0
   222/299     16.2G      2.09      1.25         0      3.34       126       480      0.81     0.912      0.92     0.858      2.12     0.716         0
   223/299     16.2G      2.14      1.11         0      3.25       112       480      0.81     0.912      0.92     0.858      2.12     0.716         0
   224/299     16.2G       2.4      2.08         0      4.48       137       320      0.82     0.912     0.922     0.863      1.88     0.712         0
   225/299     16.2G      2.42      2.18         0       4.6       137       320      0.82     0.912     0.922     0.863      1.88     0.712         0
   226/299     16.2G      2.02      1.18         0      3.21       171       576     0.807     0.912     0.918     0.856      2.08     0.731         0
   227/299     16.2G      2.01     0.965         0      2.98       128       576     0.807     0.912     0.918     0.856      2.08     0.731         0
   228/299     16.2G      2.12      1.42         0      3.54       142       448     0.814     0.912     0.918      0.86      1.78     0.717         0
   229/299     16.2G      1.98      1.22         0       3.2       125       448     0.814     0.912     0.918      0.86      1.78     0.716         0
   230/299     16.2G      2.03      1.67         0       3.7       150       384     0.798     0.917      0.92     0.853      2.03     0.721         0
   231/299     16.2G      2.11       1.5         0      3.61       139       384     0.798     0.917      0.92     0.853      2.03     0.721         0
   232/299     16.2G      2.28      1.38         0      3.66       107       416     0.839     0.923     0.927     0.879      1.84     0.715         0
   233/299     16.2G      2.12      1.26         0      3.38       137       416     0.839     0.923     0.927     0.879      1.84     0.715         0
   234/299     16.2G      1.95      1.02         0      2.97       110       544     0.837     0.917     0.924     0.875      2.09     0.728         0
   235/299     16.2G      1.81         1         0      2.82       105       544     0.837     0.917     0.924     0.875      2.09     0.728         0
   236/299     16.2G      1.73      1.28         0      3.01       126       480     0.851     0.914     0.925     0.881      1.79     0.704         0
   237/299     16.2G       1.7       1.2         0       2.9       127       480     0.851     0.914     0.925     0.881      1.79     0.704         0
   238/299     16.2G      1.72     0.971         0      2.69       119       608     0.849     0.912     0.928     0.879      1.91     0.695         0
   239/299     16.2G      1.88      1.07         0      2.95       147       608     0.849     0.912     0.928     0.879      1.91     0.695         0
   240/299     16.2G      1.75      1.18         0      2.93       126       448     0.869     0.912     0.928      0.89      1.67     0.667         0
   241/299     16.2G      1.73      1.13         0      2.86       119       448     0.869     0.912     0.928      0.89      1.67     0.667         0
   242/299     16.2G      1.83     0.889         0      2.72       127       640     0.853     0.912      0.93     0.881      1.72     0.663         0
   243/299     16.2G      1.95      1.03         0      2.98       132       640     0.853     0.912      0.93     0.881      1.72     0.663         0
   244/299     16.2G      1.69      1.02         0       2.7       107       480     0.846      0.91      0.93     0.877      1.69      0.66         0
   245/299     16.2G       1.7      1.31         0      3.01       118       480     0.846      0.91      0.93     0.877      1.69      0.66         0
   246/299     16.2G      1.74     0.932         0      2.67       137       608      0.84     0.917      0.93     0.877      1.76      0.66         0
   247/299     16.2G      1.77     0.892         0      2.67       125       608      0.84     0.917      0.93     0.877      1.76      0.66         0
   248/299     16.2G      1.77      1.04         0      2.81       156       640     0.841     0.912     0.931     0.875      1.61     0.653         0
   249/299     16.2G      1.83     0.902         0      2.73       127       640     0.841     0.912     0.931     0.875      1.61     0.653         0
   250/299     16.2G      1.59      1.03         0      2.63       153       608     0.831     0.917     0.932     0.872      1.57     0.644         0
   251/299     16.2G      1.65     0.916         0      2.56       121       608     0.831     0.917     0.932     0.872      1.57     0.644         0
   252/299     16.2G      1.82      1.67         0      3.48       136       384     0.831     0.917     0.933     0.872      1.53     0.633         0
   253/299     16.2G      1.67      1.46         0      3.13       124       384     0.831     0.917     0.933     0.872      1.53     0.633         0
   254/299     16.2G      1.59      1.22         0      2.81       128       448      0.83     0.915     0.934      0.87      1.59     0.636         0
   255/299     16.2G      1.62      1.22         0      2.84       127       448      0.83     0.915     0.934      0.87      1.59     0.636         0
   256/299     16.2G      1.61      1.19         0      2.79       154       512     0.832     0.917     0.932     0.873      1.53     0.624         0
   257/299     16.2G       1.5      1.13         0      2.63       136       512     0.832     0.917     0.932     0.873      1.53     0.624         0
   258/299     16.2G      1.52     0.903         0      2.42       119       512     0.832     0.917     0.932     0.872      1.53     0.621         0
   259/299     16.2G      1.46      0.81         0      2.26        87       512     0.832     0.917     0.932     0.872      1.53     0.621         0
   260/299     16.2G      1.57     0.843         0      2.42       129       640     0.839     0.918     0.932     0.877      1.55     0.615         0
   261/299     16.2G      1.64      1.01         0      2.65       137       640     0.839     0.918     0.932     0.877      1.55     0.615         0
   262/299     16.2G       1.6      1.47         0      3.07       128       352     0.848     0.923     0.933     0.884      1.48     0.608         0
   263/299     16.2G      1.72      1.64         0      3.36       120       352     0.848     0.923     0.933     0.884      1.48     0.608         0
   264/299     16.2G      1.79      1.73         0      3.52       137       320     0.861     0.917     0.932     0.888      1.55     0.615         0
   265/299     16.2G      1.85      1.91         0      3.75       127       320     0.861     0.917     0.932     0.888      1.55     0.615         0
   266/299     16.2G      1.67     0.889         0      2.56       139       608      0.85     0.917     0.931     0.882      1.57     0.619         0
   267/299     16.2G      1.55     0.813         0      2.36       111       608      0.85     0.917     0.931     0.882      1.57     0.619         0
   268/299     16.2G      1.57      1.23         0       2.8       124       416     0.856     0.912     0.931     0.883      1.55     0.611         0
   269/299     16.2G      1.61      1.29         0       2.9       117       416     0.856     0.912     0.931     0.883      1.55     0.611         0
   270/299     16.2G      1.46      1.08         0      2.54       119       480     0.865     0.912     0.932     0.887      1.49     0.608         0
   271/299     16.2G      1.45     0.999         0      2.45       115       480     0.865     0.912     0.932     0.887      1.49     0.608         0
   272/299     16.2G      1.54      1.54         0      3.08       137       384     0.864     0.912     0.932     0.887      1.55     0.611         0
   273/299     16.2G      1.55      1.41         0      2.95       132       384     0.864     0.912     0.932     0.887      1.55     0.611         0
   274/299     16.2G      1.58       1.3         0      2.89       116       416     0.862     0.917     0.932     0.889      1.49     0.608         0
   275/299     16.2G       1.5      1.35         0      2.85       137       416     0.862     0.917     0.932     0.889      1.49     0.608         0
   276/299     16.2G      1.41      1.15         0      2.56       138       416     0.862     0.917     0.932     0.889      1.53     0.609         0
   277/299     16.2G      1.45      1.23         0      2.68       114       416     0.862     0.917     0.932     0.889      1.53     0.609         0
   278/299     16.2G       1.5     0.802         0       2.3       128       640     0.869     0.912     0.932      0.89      1.51     0.607         0
   279/299     16.2G      1.53     0.815         0      2.34       125       640     0.869     0.912     0.932      0.89      1.51     0.607         0
   280/299     16.2G      1.34     0.775         0      2.12       109       544     0.872     0.917     0.934     0.894       1.5     0.602         0
   281/299     16.2G      1.54     0.876         0      2.42       109       544     0.872     0.917     0.934     0.894       1.5     0.602         0
   282/299     16.2G      1.42     0.974         0      2.39       143       512     0.879     0.917     0.935     0.897      1.45     0.598         0
   283/299     16.2G      1.42     0.996         0      2.41       148       512     0.879     0.917     0.935     0.897      1.45     0.598         0
   284/299     16.2G      1.58     0.901         0      2.48       125       640     0.872     0.923     0.936     0.897      1.43     0.596         0
   285/299     16.2G      1.55     0.852         0       2.4       148       640     0.872     0.923     0.936     0.897      1.43     0.596         0
   286/299     16.2G      1.36     0.897         0      2.26       115       608     0.867     0.923     0.937     0.894      1.43     0.592         0
   287/299     16.2G      1.38     0.862         0      2.24       133       608     0.867     0.923     0.937     0.894      1.43     0.592         0
   288/299     16.2G      1.33     0.956         0      2.29       146       512      0.86     0.918     0.937     0.888      1.43     0.585         0
   289/299     16.2G      1.45      1.15         0       2.6       128       512      0.86     0.918     0.937     0.888      1.43     0.585         0
   290/299     16.2G      1.75      1.82         0      3.57       131       320     0.868     0.917     0.936     0.892      1.43     0.582         0
   291/299     16.2G       1.8      1.88         0      3.68       128       320     0.868     0.917     0.936     0.892      1.43     0.582         0
   292/299     16.2G      1.37     0.939         0      2.31       117       512     0.872     0.917     0.935     0.894      1.51     0.592         0
   293/299     16.2G      1.39     0.906         0       2.3       134       512     0.872     0.917     0.935     0.894      1.51     0.592         0
   294/299     16.2G      1.49     0.838         0      2.33       126       608     0.874     0.928     0.935       0.9      1.52     0.587         0
   295/299     16.2G      1.43     0.871         0       2.3       118       608     0.874     0.928     0.935       0.9      1.52     0.587         0
   296/299     16.2G      1.37     0.925         0      2.29       116       512     0.874     0.928     0.937       0.9      1.44      0.58         0
   297/299     16.2G      1.48      0.94         0      2.42       126       512     0.874     0.928     0.937       0.9      1.44      0.58         0
   298/299     16.2G      1.44     0.792         0      2.24       134       640     0.878     0.928     0.936     0.903      1.42     0.577         0
   299/299     16.2G      1.52     0.776         0       2.3       122       640     0.878     0.928     0.936     0.903      1.42     0.577         0
