     0/299        0G      5.74      33.8         0      39.5         2       512         0         0  2.02e-05         0       nan       nan         0
     1/299        0G      5.69        11         0      16.7         6       384         0         0  8.59e-05         0      5.71      5.35         0
     2/299        0G       5.9      7.37         0      13.3         6       608         0         0  9.91e-05         0      5.67      4.11         0
     3/299        0G      6.06      7.75         0      13.8         9       352         0         0  0.000116         0      5.64      3.84         0
     4/299        0G      5.58      4.83         0      10.4         7       576         0         0  0.000326         0      5.59      3.69         0
     5/299        0G      5.86      6.46         0      12.3        12       512         0         0  0.000517         0      5.55      3.63         0
     6/299        0G      5.64      4.31         0      9.95         4       416         0         0   0.00109         0      5.49      3.58         0
     7/299        0G      5.66       5.3         0        11        11       544         0         0   0.00101         0      5.45      3.53         0
     8/299        0G      5.53      6.29         0      11.8         3       576         0         0   0.00257         0       5.4      3.46         0
     9/299        0G      5.53      7.24         0      12.8         8       352         0         0   0.00211         0      5.39       3.4         0
    10/299        0G      5.46      5.06         0      10.5        10       640         0         0   0.00244         0      5.38      3.34         0
    11/299        0G      5.59       6.6         0      12.2        13       320         0         0    0.0029         0      5.37      3.26         0
    12/299        0G      5.64      3.98         0      9.62        13       480         0         0   0.00335         0      5.35      3.15         0
    13/299        0G      5.45      5.23         0      10.7        10       480         0         0   0.00444         0      5.35      3.08         0
    14/299        0G      5.47      5.49         0        11         4       416         0         0   0.00415         0      5.36      3.03         0
    15/299        0G      5.35      4.59         0      9.94         5       416         0         0   0.00371         0      5.35      2.98         0
    16/299        0G      5.48      5.57         0      11.1        10       384    0.0788  0.000871   0.00515   0.00172      5.34      2.93         0
    17/299        0G      5.47      3.77         0      9.24         8       544         0         0   0.00308         0      5.32      2.86         0
    18/299        0G      5.44      5.87         0      11.3         7       352         0         0   0.00343         0      5.29      2.83         0
    19/299        0G      5.52      4.96         0      10.5         5       480         0         0   0.00174         0      5.28       2.8         0
    20/299        0G      5.36      3.43         0      8.79         6       544         0         0    0.0025         0      5.26      2.72         0
    21/299        0G      5.25      4.69         0      9.95         5       448         0         0   0.00271         0      5.23      2.67         0
    22/299        0G      5.32      4.39         0      9.71        14       448         0         0   0.00281         0      5.21      2.61         0
    23/299        0G       5.3       4.8         0      10.1        11       352         0         0   0.00302         0      5.21      2.56         0
    24/299        0G      5.34       4.4         0      9.74        11       576         0         0   0.00404         0      5.21      2.53         0
    25/299        0G      5.14      4.25         0      9.39        15       576         0         0   0.00774         0      5.19      2.48         0
    26/299        0G      5.28      4.26         0      9.54        10       416         0         0   0.00744         0      5.18      2.44         0
    27/299        0G      5.15      3.46         0      8.62         9       576         1   0.00552    0.0154     0.011      5.19      2.39         0
    28/299        0G       5.4         3         0       8.4         6       608         1   0.00552    0.0194     0.011      5.18      2.34         0
    29/299        0G      5.24      3.64         0      8.88         8       448         0         0    0.0169         0      5.18      2.29         0
    30/299        0G       5.2      3.24         0      8.44         6       352         0         0    0.0131         0      5.18      2.25         0
    31/299        0G      5.41      4.43         0      9.84         4       608         0         0    0.0145         0      5.18      2.22         0
    32/299        0G      5.22      3.36         0      8.57        12       512         0         0    0.0111         0      5.18      2.18         0
    33/299        0G      5.16      3.21         0      8.36         7       512         0         0    0.0111         0      5.18      2.15         0
    34/299        0G      5.14      3.54         0      8.67        11       480         0         0    0.0152         0      5.16      2.12         0
    35/299        0G      5.28      2.62         0       7.9         8       608         0         0    0.0165         0      5.14      2.09         0
    36/299        0G      5.29      3.93         0      9.22        10       416         0         0    0.0154         0      5.14      2.05         0
    37/299        0G      5.11      3.99         0       9.1        12       448         0         0     0.017         0      5.12      2.02         0
    38/299        0G      5.19      4.89         0      10.1        10       384         0         0    0.0185         0      5.12      1.98         0
    39/299        0G      5.16      3.44         0       8.6        11       416         0         0    0.0185         0      5.11      1.96         0
    40/299        0G      5.43      4.23         0      9.67        11       384         0         0    0.0146         0       5.1      1.94         0
    41/299        0G      5.29      5.27         0      10.6         6       320         0         0    0.0135         0      5.08      1.91         0
    42/299        0G      5.21      2.82         0      8.03         6       608         0         0    0.0157         0      5.09      1.88         0
    43/299        0G      5.17      2.14         0      7.31         4       640         0         0    0.0159         0      5.08      1.85         0
    44/299        0G      4.65      2.27         0      6.91         3       448         0         0    0.0206         0      5.06       1.8         0
    45/299        0G      5.11      3.45         0      8.57        10       448         0         0    0.0206         0      5.06      1.78         0
    46/299        0G      5.11      2.48         0      7.59         5       544         0         0    0.0146         0      5.04      1.74         0
    47/299        0G      5.26      3.01         0      8.27         6       352         0         0    0.0119         0      5.02      1.72         0
    48/299        0G      5.02      4.47         0      9.49         6       352         0         0    0.0139         0      5.02      1.72         0
    49/299        0G      5.05      3.67         0      8.72         4       352         0         0    0.0139         0      5.02      1.69         0
    50/299        0G       5.2      2.02         0      7.22         4       640         0         0    0.0103         0      4.99      1.67         0
    51/299        0G      5.02      2.96         0      7.97        15       384    0.0767    0.0017    0.0208   0.00332      4.96      1.64         0
    52/299        0G      5.15      3.46         0      8.61        11       384     0.336   0.00552    0.0253    0.0109      4.92      1.63         0
    53/299        0G       5.1      2.72         0      7.82         5       384     0.336   0.00552    0.0253    0.0109      4.92      1.61         0
    54/299        0G      5.02      4.19         0      9.22         8       320     0.424   0.00552    0.0284    0.0109      4.93      1.56         0
    55/299        0G       5.1      3.97         0      9.06         8       352     0.403   0.00552    0.0226    0.0109      4.95      1.52         0
    56/299        0G      5.01      3.66         0      8.67         6       352     0.403   0.00552    0.0226    0.0109      4.95       1.5         0
    57/299        0G      5.02      1.95         0      6.97         4       576     0.583   0.00552    0.0243    0.0109      4.92      1.49         0
    58/299        0G      5.07      1.49         0      6.56         1       640         1   0.00711     0.042    0.0141      4.87      1.46         0
    59/299        0G      4.79      1.99         0      6.78         9       512         1   0.00552    0.0423     0.011      4.87      1.42         0
    60/299        0G      4.98       2.1         0      7.07         9       512         1   0.00552    0.0423     0.011      4.87      1.39         0
    61/299        0G         5      1.69         0      6.69        15       576         1   0.00552    0.0303     0.011       4.8      1.38         0
    62/299        0G         5      1.74         0      6.73        13       448     0.907   0.00552    0.0267     0.011      4.78      1.36         0
    63/299        0G      4.87      2.38         0      7.25        12       448     0.907   0.00552    0.0267     0.011      4.78      1.33         0
    64/299        0G      4.89         2         0      6.89         4       448     0.907   0.00552    0.0267     0.011      4.78      1.31         0
    65/299        0G      4.84      1.67         0      6.51         7       576         0         0      0.02         0      4.81      1.24         0
    66/299        0G      4.99      1.67         0      6.65         8       416         0         0     0.034         0      4.75      1.23         0
    67/299        0G      4.85      2.55         0      7.41         7       416         0         0     0.034         0      4.75      1.21         0
    68/299        0G       4.9      2.16         0      7.06         6       416         1   0.00552    0.0231     0.011      4.75      1.16         0
    69/299        0G      5.16      2.16         0      7.31         6       416         1   0.00552    0.0231     0.011      4.75      1.13         0
    70/299        0G      4.72       1.7         0      6.41         3       640         1   0.00552    0.0429     0.011       4.7      1.12         0
    71/299        0G      4.81      1.18         0      5.99         4       640         1   0.00552    0.0429     0.011       4.7       1.1         0
    72/299        0G      4.64      1.39         0      6.03         9       608         1   0.00552    0.0472     0.011      4.61      1.13         0
    73/299        0G      4.63      1.56         0      6.19         9       608         1   0.00552    0.0472     0.011      4.61      1.13         0
    74/299        0G      4.66      1.77         0      6.43        11       512         1   0.00552    0.0381     0.011      4.55      1.16         0
    75/299        0G      4.63      1.83         0      6.45        10       512         1   0.00552    0.0381     0.011      4.55      1.16         0
    76/299        0G      4.62      1.59         0      6.21         9       608         1   0.00552    0.0628     0.011      4.51      1.17         0
    77/299        0G      4.46      1.56         0      6.02         6       608         1   0.00552    0.0628     0.011      4.51      1.17         0
    78/299        0G      4.75      2.11         0      6.86         8       448         1   0.00552    0.0726     0.011      4.44      1.21         0
    79/299        0G      4.62      2.07         0      6.68         5       544         1   0.00573    0.0755    0.0114      4.39      1.23         0
    80/299        0G      4.47      1.78         0      6.24        12       544         1   0.00573    0.0755    0.0114      4.39      1.23         0
    81/299        0G      4.59      1.74         0      6.33        10       544         1   0.00606    0.0793     0.012       4.3      1.26         0
    82/299        0G      4.62      1.72         0      6.34        12       544         1   0.00606    0.0793     0.012       4.3      1.26         0
    83/299        0G      4.54      1.59         0      6.13        12       640     0.846     0.011    0.0769    0.0218      4.27      1.26         0
    84/299        0G      4.37      1.61         0      5.98        10       640     0.846     0.011    0.0769    0.0218      4.27      1.26         0
    85/299        0G      4.45      1.42         0      5.87         3       640         1    0.0135    0.0887    0.0266       4.2      1.29         0
    86/299        0G      4.41      1.32         0      5.73         7       640         1    0.0135    0.0887    0.0266       4.2      1.29         0
    87/299        0G      4.53      2.02         0      6.55        13       480     0.963    0.0166    0.0849    0.0326       4.2      1.28         0
    88/299        0G      4.37      2.49         0      6.85        20       480     0.963    0.0166    0.0849    0.0326       4.2      1.28         0
    89/299        0G      4.69      2.85         0      7.54        14       352     0.814    0.0244     0.078    0.0474      4.18      1.28         0
    90/299        0G      4.71      2.44         0      7.15         2       352     0.814    0.0244     0.078    0.0474      4.18      1.28         0
    91/299        0G      4.42       2.1         0      6.53         7       480      0.29   0.00923    0.0476    0.0179       4.2      1.28         0
    92/299        0G      4.28      1.93         0      6.21         2       608     0.732    0.0221    0.0826    0.0429      4.07      1.32         0
    93/299        0G      4.19      1.78         0      5.97        13       608     0.732    0.0221    0.0826    0.0429      4.07      1.32         0
    94/299        0G      4.53      1.64         0      6.17         5       352     0.815    0.0221    0.0928     0.043      4.03      1.33         0
    95/299        0G       4.5      3.23         0      7.73         5       352     0.815    0.0221    0.0928     0.043      4.03      1.33         0
    96/299        0G      4.31      2.69         0      6.99         3       544     0.509    0.0221    0.0785    0.0424      4.09      1.31         0
    97/299        0G      4.15      1.78         0      5.93         4       544     0.509    0.0221    0.0785    0.0424      4.09      1.31         0
    98/299        0G      4.21      1.72         0      5.94         6       608     0.552    0.0206     0.083    0.0396      4.01      1.34         0
    99/299        0G       4.2      1.57         0      5.78         4       608     0.552    0.0206     0.083    0.0396      4.01      1.34         0
   100/299        0G      4.28      1.67         0      5.95        10       640     0.606    0.0171     0.091    0.0332      3.95      1.36         0
   101/299        0G      4.04      1.52         0      5.56        11       640     0.606    0.0171     0.091    0.0332      3.95      1.36         0
   102/299        0G      4.13      2.04         0      6.17         3       480     0.768    0.0166    0.0827    0.0324      3.88      1.38         0
   103/299        0G      4.09      2.19         0      6.28         3       480     0.768    0.0166    0.0827    0.0324      3.88      1.38         0
   104/299        0G      4.21      2.73         0      6.93         9       416     0.982    0.0166    0.0721    0.0326      3.89      1.37         0
   105/299        0G      4.11      2.43         0      6.54         9       416     0.582    0.0166    0.0794    0.0322      3.92      1.35         0
   106/299        0G      4.17      2.66         0      6.83         5       416     0.582    0.0166    0.0794    0.0322      3.92      1.35         0
   107/299        0G       4.3      2.81         0      7.11         9       320     0.513    0.0221    0.0855    0.0424      3.93      1.37         0
   108/299        0G      4.42       3.8         0      8.22         7       320     0.513    0.0221    0.0855    0.0424      3.93      1.37         0
   109/299        0G      4.35       3.2         0      7.55        15       448     0.386    0.0276      0.08    0.0516      4.01      1.34         0
   110/299        0G      4.22       2.5         0      6.72        14       448     0.386    0.0276      0.08    0.0516      4.01      1.34         0
   111/299        0G      3.86       2.9         0      6.76        12       352     0.443    0.0387    0.0837    0.0711      3.98      1.36         0
   112/299        0G      4.27      2.89         0      7.15         5       352     0.443    0.0387    0.0837    0.0711      3.98      1.36         0
   113/299        0G      4.32      2.51         0      6.83         7       416     0.317    0.0331    0.0733      0.06      3.97      1.38         0
   114/299        0G      4.07      2.64         0      6.71        12       416     0.317    0.0331    0.0733      0.06      3.97      1.38         0
   115/299        0G      4.14       2.2         0      6.34         6       480     0.293    0.0276    0.0834    0.0505         4      1.37         0
   116/299        0G      4.11      2.32         0      6.43         8       480     0.293    0.0276    0.0834    0.0505         4      1.37         0
   117/299        0G      4.26      2.77         0      7.03        10       384      0.34    0.0257    0.0882    0.0477      3.99      1.36         0
   118/299        0G      4.11      2.72         0      6.83         5       480     0.379    0.0237    0.0855    0.0447      3.98      1.37         0
   119/299        0G      4.04      2.35         0      6.39         8       480     0.379    0.0237    0.0855    0.0447      3.98      1.37         0
   120/299        0G      4.13      2.02         0      6.15         6       512      0.42     0.011    0.0834    0.0215      3.94      1.37         0
   121/299        0G      4.13      1.85         0      5.99         7       512      0.42     0.011    0.0834    0.0215      3.94      1.37         0
   122/299        0G      4.18      2.51         0      6.68         6       320     0.204   0.00552    0.0952    0.0108      3.91      1.37         0
   123/299        0G      3.96      3.13         0      7.09         1       320     0.204   0.00552    0.0952    0.0108      3.91      1.37         0
   124/299        0G      4.19      3.37         0      7.56         5       352     0.182   0.00552    0.0716    0.0107         4      1.33         0
   125/299        0G      4.34      3.38         0      7.71        15       352     0.182   0.00552    0.0716    0.0107         4      1.33         0
   126/299        0G      4.11      2.62         0      6.73         7       384     0.178   0.00552    0.0899    0.0107      3.94      1.36         0
   127/299        0G      4.03      3.24         0      7.28         7       384     0.178   0.00552    0.0899    0.0107      3.94      1.36         0
   128/299        0G      3.99       2.6         0      6.58        13       416     0.491    0.0221     0.105    0.0423      3.94      1.35         0
   129/299        0G      4.09       2.7         0      6.79        12       416     0.491    0.0221     0.105    0.0423      3.94      1.35         0
   130/299        0G      4.26      3.35         0      7.61         8       320     0.389    0.0177     0.107    0.0339       3.9      1.37         0
   131/299        0G      4.33      2.83         0      7.16        10       608     0.397    0.0221     0.107    0.0419      3.94      1.35         0
   132/299        0G      4.01      1.73         0      5.75         3       608     0.397    0.0221     0.107    0.0419      3.94      1.35         0
   133/299        0G      4.02      1.87         0       5.9        14       640     0.611    0.0221     0.146    0.0427      3.88      1.37         0
   134/299        0G      3.93      1.62         0      5.56         8       640     0.611    0.0221     0.146    0.0427      3.88      1.37         0
   135/299        0G      3.76      1.84         0       5.6         7       576     0.563    0.0221     0.138    0.0425      3.85      1.37         0
   136/299        0G      3.88      1.77         0      5.65         4       576     0.563    0.0221     0.138    0.0425      3.85      1.37         0
   137/299        0G      3.88      1.71         0      5.59         2       608     0.564    0.0215     0.135    0.0414      3.79      1.38         0
   138/299        0G      3.82      2.17         0         6        13       608     0.564    0.0215     0.135    0.0414      3.79      1.38         0
   139/299        0G      3.77      1.94         0      5.71        12       640     0.714    0.0276     0.154    0.0531      3.71       1.4         0
   140/299        0G       3.7      1.67         0      5.37        10       640     0.714    0.0276     0.154    0.0531      3.71       1.4         0
   141/299        0G      4.12      2.87         0      6.99         8       352     0.658    0.0387     0.165    0.0731      3.62      1.43         0
   142/299        0G      4.25      3.56         0      7.81        11       352     0.658    0.0387     0.165    0.0731      3.62      1.43         0
   143/299        0G      4.25      3.56         0      7.81        17       320     0.398    0.0276     0.133    0.0517      3.66      1.42         0
   144/299        0G      4.16      3.53         0      7.69        10       352      0.17    0.0166    0.0809    0.0302      3.77      1.39         0
   145/299        0G      4.19      2.93         0      7.12        10       352      0.17    0.0166    0.0809    0.0302      3.77      1.39         0
   146/299        0G      4.17      2.61         0      6.78         8       640     0.198    0.0166    0.0765    0.0306      3.77      1.39         0
   147/299        0G      3.94      1.43         0      5.37         4       640     0.198    0.0166    0.0765    0.0306      3.77      1.39         0
   148/299        0G      3.92      2.16         0      6.09         7       416     0.364    0.0221     0.119    0.0417      3.62      1.43         0
   149/299        0G      4.02      2.87         0       6.9        18       416     0.364    0.0221     0.119    0.0417      3.62      1.43         0
   150/299        0G      3.78      2.33         0      6.11         6       608      0.43    0.0251     0.138    0.0475      3.59      1.44         0
   151/299        0G      3.63      1.68         0      5.31         7       608      0.43    0.0251     0.138    0.0475      3.59      1.44         0
   152/299        0G      3.66      1.59         0      5.25         6       608     0.512    0.0221     0.159    0.0424      3.53      1.44         0
   153/299        0G      3.67      1.92         0      5.59        11       608     0.512    0.0221     0.159    0.0424      3.53      1.44         0
   154/299        0G       4.2      2.79         0      6.99         4       352     0.832    0.0274     0.189     0.053      3.55      1.43         0
   155/299        0G      4.17      3.72         0      7.88        15       352     0.832    0.0274     0.189     0.053      3.55      1.43         0
   156/299        0G      3.78      2.12         0      5.91         6       512     0.443     0.022     0.153    0.0419      3.56      1.41         0
   157/299        0G      3.79      2.42         0      6.21         9       352     0.403    0.0221     0.152    0.0419      3.49      1.44         0
   158/299        0G      4.05      2.81         0      6.86         2       352     0.403    0.0221     0.152    0.0419      3.49      1.44         0
   159/299        0G      3.97      2.92         0      6.89         7       480     0.427    0.0289      0.15    0.0541      3.52      1.43         0
   160/299        0G      3.83      2.25         0      6.08        12       480     0.427    0.0289      0.15    0.0541      3.52      1.43         0
   161/299        0G      3.92      2.72         0      6.65        10       352     0.489    0.0318     0.159    0.0597      3.49      1.44         0
   162/299        0G      4.07      3.12         0      7.19        12       352     0.489    0.0318     0.159    0.0597      3.49      1.44         0
   163/299        0G      4.09       3.7         0      7.79         8       320     0.352    0.0221     0.127    0.0416      3.58      1.42         0
   164/299        0G      4.17       3.6         0      7.76        12       320     0.352    0.0221     0.127    0.0416      3.58      1.42         0
   165/299        0G      3.91      2.43         0      6.33         9       608     0.345    0.0221     0.127    0.0415      3.63       1.4         0
   166/299        0G      3.83      1.88         0      5.71        14       608     0.345    0.0221     0.127    0.0415      3.63       1.4         0
   167/299        0G      4.06      3.48         0      7.54        10       320     0.351    0.0221     0.138    0.0416      3.52      1.43         0
   168/299        0G      4.06      3.48         0      7.54         5       320     0.351    0.0221     0.138    0.0416      3.52      1.43         0
   169/299        0G      4.04      2.41         0      6.46         5       416     0.501    0.0331     0.148    0.0622      3.54      1.43         0
   170/299        0G       3.9      2.75         0      6.64         7       384     0.557    0.0418     0.168    0.0777      3.52      1.44         0
   171/299        0G      3.86      2.97         0      6.83         9       384     0.557    0.0418     0.168    0.0777      3.52      1.44         0
   172/299        0G       3.9      3.27         0      7.17        10       352     0.564      0.05     0.175    0.0919      3.55      1.44         0
   173/299        0G      3.96         3         0      6.96         3       352     0.564      0.05     0.175    0.0919      3.55      1.44         0
   174/299        0G      3.76      2.56         0      6.32         4       544     0.677    0.0579     0.193     0.107      3.58      1.44         0
   175/299        0G      3.76      1.94         0       5.7         8       544     0.677    0.0579     0.193     0.107      3.58      1.44         0
   176/299        0G      3.73      2.49         0      6.22         9       416     0.614    0.0792     0.185      0.14      3.54      1.45         0
   177/299        0G      3.88      2.65         0      6.53         5       416     0.614    0.0792     0.185      0.14      3.54      1.45         0
   178/299        0G      3.86      3.15         0      7.01         2       320     0.639     0.088      0.18     0.155      3.55      1.46         0
   179/299        0G      4.22      4.04         0      8.26        16       320     0.639     0.088      0.18     0.155      3.55      1.46         0
   180/299        0G      3.79      2.16         0      5.94         8       640     0.634     0.086      0.18     0.151       3.6      1.44         0
   181/299        0G      3.55      1.53         0      5.09         8       640     0.634     0.086      0.18     0.151       3.6      1.44         0
   182/299        0G      4.04      3.92         0      7.95         9       320     0.656    0.0884     0.179     0.156      3.52      1.47         0
   183/299        0G      3.96       3.3         0      7.26        12       576     0.625    0.0829     0.174     0.146      3.55      1.46         0
   184/299        0G      3.63      2.01         0      5.64        10       576     0.625    0.0829     0.174     0.146      3.55      1.46         0
   185/299        0G      3.63      2.18         0      5.81        14       512     0.629    0.0843     0.192     0.149      3.48      1.47         0
   186/299        0G      3.73      2.29         0      6.01        13       512     0.629    0.0843     0.192     0.149      3.48      1.47         0
   187/299        0G       3.7      2.07         0      5.77         8       608     0.658    0.0773     0.225     0.138      3.45      1.47         0
   188/299        0G      3.69      1.85         0      5.54         6       608     0.658    0.0773     0.225     0.138      3.45      1.47         0
   189/299        0G      3.79      2.69         0      6.47        10       352     0.671    0.0773     0.221     0.139       3.4      1.48         0
   190/299        0G      4.05      2.91         0      6.96         7       352     0.671    0.0773     0.221     0.139       3.4      1.48         0
   191/299        0G      3.66      2.71         0      6.37         6       448     0.687    0.0727     0.228     0.132      3.41      1.47         0
   192/299        0G      3.66      2.65         0      6.31         9       448     0.687    0.0727     0.228     0.132      3.41      1.47         0
   193/299        0G      3.89      3.34         0      7.23        12       352     0.586    0.0608     0.193      0.11       3.4      1.47         0
   194/299        0G      3.92      3.44         0      7.36        11       352     0.586    0.0608     0.193      0.11       3.4      1.47         0
   195/299        0G      3.77      2.89         0      6.66         7       416     0.507    0.0497      0.18    0.0906      3.46      1.46         0
   196/299        0G      3.95      2.95         0       6.9        15       352     0.535    0.0497     0.183     0.091      3.44      1.46         0
   197/299        0G      3.72      3.04         0      6.76         8       352     0.535    0.0497     0.183     0.091      3.44      1.46         0
   198/299        0G      3.69      2.77         0      6.46         8       640     0.573     0.052     0.171    0.0954      3.43      1.46         0
   199/299        0G      3.57      1.94         0       5.5        13       640     0.573     0.052     0.171    0.0954      3.43      1.46         0
   200/299        0G      3.67       2.1         0      5.77         7       448     0.531    0.0552     0.194       0.1      3.36      1.47         0
   201/299        0G      3.76      2.76         0      6.51        17       448     0.531    0.0552     0.194       0.1      3.36      1.47         0
   202/299        0G      3.59      2.61         0       6.2        17       480     0.506    0.0497     0.192    0.0906      3.35      1.47         0
   203/299        0G      3.74      2.22         0      5.97         7       480     0.506    0.0497     0.192    0.0906      3.35      1.47         0
   204/299        0G      3.36      1.95         0      5.31         4       512     0.531    0.0625     0.201     0.112      3.31      1.48         0
   205/299        0G      3.64      2.36         0         6        17       512     0.531    0.0625     0.201     0.112      3.31      1.48         0
   206/299        0G       3.7      3.13         0      6.84        10       384     0.578    0.0681     0.211     0.122      3.28      1.49         0
   207/299        0G      3.84      2.81         0      6.65         5       384     0.578    0.0681     0.211     0.122      3.28      1.49         0
   208/299        0G      3.74      3.06         0       6.8         5       320     0.641    0.0829     0.226     0.147       3.3      1.48         0
   209/299        0G      3.78      3.57         0      7.35         4       576     0.559    0.0829     0.207     0.144      3.35      1.47         0
   210/299        0G      3.72       2.2         0      5.92        10       576     0.559    0.0829     0.207     0.144      3.35      1.47         0
   211/299        0G      3.65      2.07         0      5.72         9       544     0.643    0.0896     0.229     0.157      3.28      1.49         0
   212/299        0G      3.61      1.85         0      5.46         5       544     0.643    0.0896     0.229     0.157      3.28      1.49         0
   213/299        0G      3.79      3.32         0      7.11        16       320     0.673    0.0909     0.227      0.16      3.24       1.5         0
   214/299        0G         4       3.5         0       7.5         8       320     0.673    0.0909     0.227      0.16      3.24       1.5         0
   215/299        0G      3.71      2.81         0      6.52        14       608     0.688    0.0939     0.223     0.165      3.27       1.5         0
   216/299        0G      3.52      1.92         0      5.44         5       608     0.688    0.0939     0.223     0.165      3.27       1.5         0
   217/299        0G      3.72      2.61         0      6.33         8       352     0.689    0.0939     0.225     0.165      3.23      1.51         0
   218/299        0G      3.86      3.19         0      7.05        10       352     0.689    0.0939     0.225     0.165      3.23      1.51         0
   219/299        0G      3.65      2.57         0      6.22        12       512     0.637    0.0972     0.215     0.169      3.25       1.5         0
   220/299        0G      3.42      2.31         0      5.73         7       512     0.637    0.0972     0.215     0.169      3.25       1.5         0
   221/299        0G       3.8      2.47         0      6.26         4       416     0.608    0.0942     0.222     0.163      3.23      1.51         0
   222/299        0G      3.54      2.53         0      6.06         5       448     0.673     0.105     0.253     0.182      3.23      1.52         0
   223/299        0G      3.57      2.67         0      6.24         8       448     0.673     0.105     0.253     0.182      3.23      1.52         0
   224/299        0G      3.58      2.37         0      5.95        11       480     0.693     0.105     0.253     0.182      3.23      1.52         0
   225/299        0G      3.66      2.23         0      5.88        12       480     0.693     0.105     0.253     0.182      3.23      1.52         0
   226/299        0G      3.58      2.28         0      5.86        12       544     0.698     0.102      0.26     0.179      3.23      1.51         0
   227/299        0G      3.53      2.04         0      5.58        12       544     0.698     0.102      0.26     0.179      3.23      1.51         0
   228/299        0G      3.54      2.02         0      5.57         5       608      0.63    0.0994     0.248     0.172      3.21      1.52         0
   229/299        0G      3.45      1.94         0      5.39         7       608      0.63    0.0994     0.248     0.172      3.21      1.52         0
   230/299        0G      3.76      2.58         0      6.34         6       384     0.636    0.0967      0.25     0.168      3.19      1.52         0
   231/299        0G      3.72      2.71         0      6.43         4       384     0.636    0.0967      0.25     0.168      3.19      1.52         0
   232/299        0G      3.44      2.03         0      5.47        10       640     0.628    0.0994     0.256     0.172       3.2      1.52         0
   233/299        0G      3.32      1.63         0      4.95         5       640     0.628    0.0994     0.256     0.172       3.2      1.52         0
   234/299        0G      3.69       2.6         0      6.29         8       416     0.664    0.0983      0.26     0.171      3.18      1.52         0
   235/299        0G      3.69      2.98         0      6.67         6       320     0.626     0.105     0.255      0.18      3.22      1.51         0
   236/299        0G      3.92      3.58         0       7.5        10       320     0.626     0.105     0.255      0.18      3.22      1.51         0
   237/299        0G      3.88      3.44         0      7.33         4       640     0.683     0.107     0.259     0.185      3.26       1.5         0
   238/299        0G      3.48      1.67         0      5.15         5       640     0.683     0.107     0.259     0.185      3.26       1.5         0
   239/299        0G      3.52      2.15         0      5.67         7       384     0.653     0.104     0.259      0.18       3.2      1.51         0
   240/299        0G      3.65      3.28         0      6.93         6       384     0.653     0.104     0.259      0.18       3.2      1.51         0
   241/299        0G      3.67      2.99         0      6.66        12       384     0.648    0.0994     0.251     0.172      3.22      1.51         0
   242/299        0G      3.87       3.2         0      7.07        12       384     0.648    0.0994     0.251     0.172      3.22      1.51         0
   243/299        0G      3.54      2.57         0      6.11         6       480     0.653     0.104     0.258     0.179      3.25       1.5         0
   244/299        0G      3.57      2.65         0      6.22         8       480     0.653     0.104     0.258     0.179      3.25       1.5         0
   245/299        0G      3.35      2.16         0       5.5         9       576     0.706      0.12     0.267     0.205      3.24       1.5         0
   246/299        0G      3.36      1.88         0      5.24         5       576     0.706      0.12     0.267     0.205      3.24       1.5         0
   247/299        0G      3.76      2.22         0      5.97         7       448     0.631     0.113     0.258     0.192       3.2      1.51         0
   248/299        0G      3.59      3.02         0      6.62        12       352     0.634     0.115     0.267     0.194       3.2      1.51         0
   249/299        0G      3.77      3.24         0      7.01         1       352     0.634     0.115     0.267     0.194       3.2      1.51         0
   250/299        0G      3.63      2.75         0      6.38        11       608     0.654     0.125     0.265      0.21      3.21      1.51         0
   251/299        0G      3.53      1.94         0      5.47        10       608     0.654     0.125     0.265      0.21      3.21      1.51         0
   252/299        0G      3.47      1.78         0      5.25         7       544     0.626     0.111     0.268     0.188      3.18      1.52         0
   253/299        0G      3.47      1.95         0      5.41        10       544     0.626     0.111     0.268     0.188      3.18      1.52         0
   254/299        0G      3.43       1.9         0      5.33         8       640     0.635     0.115     0.273     0.195      3.16      1.52         0
   255/299        0G      3.45      1.77         0      5.23        11       640     0.635     0.115     0.273     0.195      3.16      1.52         0
   256/299        0G      3.73      2.33         0      6.06         5       384     0.655     0.126     0.275     0.211      3.14      1.52         0
   257/299        0G      3.72      3.39         0       7.1        15       384     0.655     0.126     0.275     0.211      3.14      1.52         0
   258/299        0G      3.52      3.35         0      6.87         3       320     0.629     0.112     0.282     0.191      3.17      1.51         0
   259/299        0G      3.89      3.92         0      7.81        12       320     0.629     0.112     0.282     0.191      3.17      1.51         0
   260/299        0G      3.48      2.19         0      5.66        13       544     0.678     0.128     0.274     0.215      3.22       1.5         0
   261/299        0G       3.4      2.11         0       5.5        14       640     0.649     0.123     0.269     0.206      3.19      1.51         0
   262/299        0G      3.38       2.1         0      5.48        15       640     0.649     0.123     0.269     0.206      3.19      1.51         0
   263/299        0G      3.33      1.88         0      5.21         8       512     0.654     0.125      0.27     0.211      3.17      1.51         0
   264/299        0G      3.29      2.03         0      5.33        14       512     0.654     0.125      0.27     0.211      3.17      1.51         0
   265/299        0G      3.49      2.11         0       5.6         9       608     0.685     0.132      0.28     0.222      3.15      1.52         0
   266/299        0G      3.41      2.02         0      5.42        11       608     0.685     0.132      0.28     0.222      3.15      1.52         0
   267/299        0G      3.46      1.94         0       5.4         4       576       0.7     0.155     0.288     0.253      3.13      1.52         0
   268/299        0G      3.37      2.05         0      5.42        15       576       0.7     0.155     0.288     0.253      3.13      1.52         0
   269/299        0G      3.51      2.65         0      6.16        11       448     0.672     0.136     0.291     0.226      3.12      1.52         0
   270/299        0G      3.53      2.97         0      6.51        15       448     0.672     0.136     0.291     0.226      3.12      1.52         0
   271/299        0G      3.34       1.8         0      5.14         5       640     0.659     0.128     0.291     0.214      3.14      1.52         0
   272/299        0G      3.25      1.95         0       5.2        15       640     0.659     0.128     0.291     0.214      3.14      1.52         0
   273/299        0G      3.56      2.44         0         6         9       480     0.669     0.134     0.295     0.224      3.11      1.52         0
   274/299        0G      3.65       2.6         0      6.24        14       512     0.665     0.116     0.291     0.198      3.12      1.52         0
   275/299        0G      3.32      1.87         0      5.19         3       512     0.665     0.116     0.291     0.198      3.12      1.52         0
   276/299        0G      3.29      1.94         0      5.23         5       640     0.646     0.121     0.281     0.204       3.1      1.52         0
   277/299        0G      3.34      1.92         0      5.25         4       640     0.646     0.121     0.281     0.204       3.1      1.52         0
   278/299        0G      3.57      2.19         0      5.75         8       448     0.672     0.127     0.282     0.214      3.09      1.52         0
   279/299        0G      3.41      2.55         0      5.96         6       448     0.672     0.127     0.282     0.214      3.09      1.52         0
   280/299        0G      3.69      2.64         0      6.33         7       384     0.669     0.123     0.293     0.208       3.1      1.52         0
   281/299        0G      3.47      2.99         0      6.46         7       384     0.669     0.123     0.293     0.208       3.1      1.52         0
   282/299        0G      3.25      2.42         0      5.67         6       576     0.655     0.116     0.284     0.196      3.12      1.52         0
   283/299        0G      3.29      2.15         0      5.44         8       576     0.655     0.116     0.284     0.196      3.12      1.52         0
   284/299        0G      3.98      3.15         0      7.13         6       320     0.629     0.122     0.275     0.204      3.12      1.52         0
   285/299        0G      3.99      3.62         0      7.61         4       320     0.629     0.122     0.275     0.204      3.12      1.52         0
   286/299        0G      3.55      1.76         0      5.31         5       544     0.681     0.118     0.284     0.201      3.17      1.51         0
   287/299        0G      3.41      2.16         0      5.58         6       352     0.646     0.121     0.276     0.204      3.15      1.51         0
   288/299        0G      3.64      3.11         0      6.75         9       352     0.646     0.121     0.276     0.204      3.15      1.51         0
   289/299        0G      3.71      2.85         0      6.56         6       480     0.696     0.139     0.278     0.231      3.16      1.51         0
   290/299        0G      3.31      2.23         0      5.54         4       480     0.696     0.139     0.278     0.231      3.16      1.51         0
   291/299        0G      3.67      2.73         0       6.4         9       320     0.667     0.133     0.276     0.221      3.14      1.51         0
   292/299        0G      3.76      3.88         0      7.64         6       320     0.667     0.133     0.276     0.221      3.14      1.51         0
   293/299        0G      3.78      2.42         0      6.19         6       576     0.705     0.132     0.281     0.222      3.19      1.51         0
   294/299        0G      3.41      2.08         0       5.5        13       576     0.705     0.132     0.281     0.222      3.19      1.51         0
   295/299        0G      3.34      2.52         0      5.86        13       448     0.673     0.136     0.281     0.227      3.15      1.51         0
   296/299        0G       3.5      2.62         0      6.11         6       448     0.673     0.136     0.281     0.227      3.15      1.51         0
   297/299        0G      3.61      2.67         0      6.29         5       384      0.69     0.135     0.287     0.226      3.15      1.51         0
   298/299        0G      3.69      2.87         0      6.55         7       384      0.69     0.135     0.287     0.226      3.15      1.51         0
   299/299        0G      3.53      2.84         0      6.37         9       416     0.668     0.127     0.277     0.214      3.16      1.51         0
